uid	sid	wid	speaker	start	end	text	backchannels
1	1	1	AH0001	0.0	0.805	여러분	[]
1	1	2	AH0001	0.825	1.45	안녕하십니까	[]
1	1	3	AH0001	1.47	1.993	이비에스	[]
1	1	4	AH0001	2.094	2.436	초대석.	[]
1	2	1	AH0001	2.859	3.3	다른	[]
1	2	2	AH0001	3.38	3.921	나라로부터	[]
1	2	3	AH0001	4.021	4.422	도움을	[]
1	2	4	AH0001	4.522	4.883	받던	[]
1	2	5	AH0001	4.963	5.484	나라에서	[]
1	2	6	AH0001	6.046	6.206	이제는	[]
1	2	7	AH0001	6.306	6.386	그	[]
1	2	8	AH0001	6.446	6.927	나라들의	[]
1	2	9	AH0001	7.529	7.649	도움을	[]
1	2	10	AH0001	7.689	7.749	주는	[]
1	2	11	AH0001	7.789	8.07	나라로	[]
1	2	12	AH0001	8.15	8.571	바뀐	[]
1	2	13	AH0001	9.212	9.392	세계	[]
1	2	14	AH0001	9.473	9.833	역사상	[]
1	2	15	AH0001	9.974	10.094	첫	[]
1	2	16	AH0001	10.194	10.535	번째	[]
1	2	17	AH0001	10.575	10.956	나라가	[]
1	2	18	AH0001	10.996	11.036	바로	[]
1	2	19	AH0001	11.076	11.537	우리	[]
1	2	20	AH0001	11.837	12.599	대한민국입니다.	[]
1	3	1	AH0001	12.599	13.282	이	[]
1	3	2	AH0001	13.342	13.723	놀라운	[]
1	3	3	AH0001	13.844	14.265	변화를	[]
1	3	4	AH0001	14.365	14.707	함께	[]
1	3	5	AH0001	14.747	15.128	이끌어간	[]
1	3	6	AH0001	15.269	15.891	국제기구가	[]
1	3	7	AH0001	15.911	16.132	있죠	[]
1	3	8	AH0001	16.152	16.513	유네스코.	[]
1	4	1	AH0001	18.059	19.229	팀장님	[]
1	4	2	AH0001	19.289	19.491	어서	[]
1	4	3	AH0001	19.552	20.076	오십시오.	[]
2	5	1	AH0002	20.141	20.366	네	[]
2	5	2	AH0002	20.529	21.284	안녕하십니까.	[]
3	6	1	AH0001	21.285	21.887	유네스코	[]
3	6	2	AH0001	22.689	22.849	많이	[]
3	6	3	AH0001	22.889	23.531	들어봤습니다	[]
3	6	4	AH0001	24.253	25.155	세계문화유산	[]
3	6	5	AH0001	25.236	25.577	등재하는	[]
3	6	6	AH0001	25.657	25.717	데	[]
3	6	7	AH0001	25.757	26.078	맞죠?	[]
4	7	1	AH0002	26.078	26.681	예	[]
4	7	2	AH0002	26.762	27.626	맞습니다.	[]
5	8	1	AH0001	27.626	28.067	그것만	[]
5	8	2	AH0001	28.128	28.248	하는	[]
5	8	3	AH0001	28.388	28.709	데인가요	[]
5	8	4	AH0001	28.85	29.331	유네스코가?	[]
6	9	1	AH0002	29.645	30.165	아예	[]
6	9	2	AH0002	30.185	30.846	뭐	[]
6	9	3	AH0002	31.386	32.247	세계문화유산에	[]
6	9	4	AH0002	32.327	32.527	대한	[]
6	9	5	AH0002	32.827	33.227	국민들	[]
6	9	6	AH0002	33.307	33.868	관심이	[]
6	9	7	AH0002	34.028	34.288	굉장히	[]
6	9	8	AH0002	34.348	34.908	많으니까.	[1]
6	9	9	AH0002	35.048	35.429	유네스코	[]
6	9	10	AH0002	35.469	35.789	하면은	[]
6	9	11	AH0002	36.449	37.03	세계문화	[]
6	9	12	AH0002	37.23	37.71	등재하는	[]
6	9	13	AH0002	37.81	38.33	기관으로	[]
6	9	14	AH0002	39.011	39.071	이렇게	[]
6	9	15	AH0002	39.091	39.351	인식을	[]
6	9	16	AH0002	39.371	39.511	하는	[]
6	9	17	AH0002	39.631	39.911	분들이	[]
6	9	18	AH0002	39.971	40.252	사실은	[]
6	9	19	AH0002	40.332	40.712	많은데요.	[]
7	10	1	AH0001	40.833	40.935	제일	[]
7	10	2	AH0001	41.016	41.22	먼저	[]
7	10	3	AH0001	41.322	41.689	떠오르죠	[]
7	10	4	AH0001	41.75	41.872	그게.	[]
8	11	1	AH0002	41.972	42.893	근데	[]
8	11	2	AH0002	43.414	44.575	유네스코는	[]
8	11	3	AH0002	45.056	45.456	사실은	[]
8	11	4	AH0002	45.957	46.117	그	[]
8	11	5	AH0002	46.377	46.938	교육에	[]
8	11	6	AH0002	46.978	47.319	관한	[]
8	11	7	AH0002	47.499	47.659	일을	[]
8	11	8	AH0002	47.739	47.879	제일	[]
8	11	9	AH0002	47.959	48.1	많이	[]
8	11	10	AH0002	48.18	48.5	합니다.	[]
9	12	1	AH0001	48.566	49.125	교육이요?	[]
10	13	1	AH0002	49.325	50.326	예.	[2]
10	13	2	AH0002	50.386	50.846	유네스코가	[]
10	13	3	AH0002	50.926	51.266	관장하는	[]
10	13	4	AH0002	51.466	51.726	분야가	[]
10	13	5	AH0002	51.846	52.246	정말	[]
10	13	6	AH0002	52.507	53.007	많은데요.	[]
10	13	7	AH0002	53.487	53.867	교육	[]
10	13	8	AH0002	54.207	54.548	과학	[]
10	13	9	AH0002	54.788	55.008	문화	[]
10	13	10	AH0002	55.328	55.628	요즘은	[]
10	13	11	AH0002	55.688	55.928	이제	[]
10	13	12	AH0002	56.449	56.849	정보	[]
10	13	13	AH0002	57.089	58.049	커뮤니케이션까지	[]
10	13	14	AH0002	58.069	58.73	하는데.	[3]
10	14	1	AH0002	59.305	60.125	우리나라에는	[]
10	14	2	AH0002	60.185	60.526	이제	[]
10	14	3	AH0002	60.906	61.686	유네스코하면은	[]
10	14	4	AH0002	62.166	63.127	문화유산을	[]
10	14	5	AH0002	63.607	64.347	떠올리지만.	[4]
10	14	6	AH0002	64.547	65.088	실제로	[]
10	14	7	AH0002	65.628	65.908	제일	[]
10	14	8	AH0002	66.048	66.448	비중이	[]
10	14	9	AH0002	67.029	67.189	크고	[]
10	14	10	AH0002	67.309	67.769	예산도	[]
10	14	11	AH0002	68.029	68.209	많이	[]
10	14	12	AH0002	68.309	68.689	들어가는	[]
10	14	13	AH0002	69.33	69.63	부분이	[]
10	14	14	AH0002	69.75	70.29	교육입니다.	[]
11	15	1	AH0001	70.3	70.832	교육이에요?	[]
12	16	1	AH0002	70.832	71.273	이제는	[]
12	16	2	AH0002	71.413	71.854	유네스코	[]
12	16	3	AH0002	71.874	71.914	하면	[]
12	16	4	AH0002	72.075	72.456	교육을	[]
12	16	5	AH0002	72.536	73.017	생각하시면	[]
13	17	1	AH0001	73.1	73.661	유엔	[]
13	17	2	AH0001	73.822	74.242	다음에	[]
13	17	3	AH0001	74.443	75.646	이에스씨	[]
13	17	4	AH0001	75.746	76.006	이게	[]
13	17	5	AH0001	76.127	76.868	에듀케이션	[]
13	17	6	AH0001	77.249	77.971	사이언스	[]
13	17	7	AH0001	78.752	79.333	또	[]
13	17	8	AH0001	79.354	79.374	뭐	[]
13	17	9	AH0001	79.835	79.955	컬쳐	[]
13	17	10	AH0001	80.015	80.155	이런	[]
13	17	11	AH0001	80.215	80.496	거네요.	[]
14	18	1	AH0002	80.541	81.444	그렇습니다	[]
14	18	2	AH0002	81.464	81.484	네.	[]
15	19	1	AH0001	82.113	82.454	교육	[]
15	19	2	AH0001	83.136	83.959	과학	[]
15	19	3	AH0001	84.3	84.862	문화	[]
15	19	4	AH0001	85.023	87.029	유엔교육과학문화기구.	[]
16	20	1	AH0002	87.357	87.558	예	[]
16	20	2	AH0002	87.759	88.382	전문기구	[]
16	20	3	AH0002	88.462	88.563	중에	[]
16	20	4	AH0002	88.583	89.186	하나입니다.	[]
17	21	1	AH0001	89.24	89.704	이게	[]
17	21	2	AH0001	89.745	89.987	언제	[]
17	21	3	AH0001	90.027	90.37	만들어진	[]
17	21	4	AH0001	90.411	90.673	겁니까?	[]
18	22	1	AH0002	90.895	91.721	천구백사십오	[]
18	22	2	AH0002	91.822	92.043	년에	[]
18	22	3	AH0002	92.104	93.071	만들어졌는데요.	[]
19	23	1	AH0001	93.069	93.293	이	[]
19	23	2	AH0001	93.374	93.497	차	[]
19	23	3	AH0001	93.558	93.721	대전	[]
19	23	4	AH0001	93.802	94.026	직후?	[]
20	24	1	AH0002	94.433	95.014	그렇죠.	[5]
20	24	2	AH0002	95.034	95.514	그니까	[]
20	24	3	AH0002	96.015	96.115	일	[]
20	24	4	AH0002	96.235	96.576	차	[]
20	24	5	AH0002	96.796	97.217	대전하고	[]
20	24	6	AH0002	97.237	97.257	이	[]
20	24	7	AH0002	97.517	97.697	차	[]
20	24	8	AH0002	97.717	98.138	대전	[]
20	24	9	AH0002	98.518	98.638	그	[]
20	24	10	AH0002	98.819	98.899	두	[]
20	24	11	AH0002	98.999	99.419	개에	[]
20	24	12	AH0002	99.54	100.02	전쟁을	[]
20	24	13	AH0002	100.14	100.361	겪고.	[]
20	24	14	AH0002	100.401	100.781	나서	[6]
20	24	15	AH0002	101.442	102.263	국제사회에서는	[]
20	24	16	AH0002	102.563	102.744	정말	[]
20	24	17	AH0002	102.844	103.485	고민을	[]
20	24	18	AH0002	103.705	104.566	거듭했습니다.	[]
20	25	1	AH0002	104.606	104.807	아	[7]
20	25	2	AH0002	104.967	105.288	어떻게	[]
20	25	3	AH0002	105.328	105.629	하면	[]
20	25	4	AH0002	106.11	106.491	전쟁을	[]
20	25	5	AH0002	106.571	106.671	좀	[]
20	25	6	AH0002	106.751	106.932	막을	[]
20	25	7	AH0002	107.052	107.112	수	[]
20	25	8	AH0002	107.152	107.654	있을까?	[]
20	25	9	AH0002	107.934	108.416	결론은	[]
20	25	10	AH0002	109.037	109.779	경제력이나	[]
20	25	11	AH0002	109.879	110.601	정치력이나	[]
20	25	12	AH0002	110.741	111.082	군사력	[]
20	25	13	AH0002	111.162	111.403	같은	[]
20	25	14	AH0002	111.443	111.644	이런	[]
20	25	15	AH0002	111.724	112.265	물리적인	[]
20	25	16	AH0002	112.325	112.426	힘	[]
20	25	17	AH0002	112.506	113.067	가지고는	[]
20	25	18	AH0002	113.408	113.488	안	[]
20	25	19	AH0002	113.589	114.17	되겠다.	[]
21	26	1	AH0001	114.202	114.947	군사력이	[]
21	26	2	AH0001	115.149	115.451	점점	[]
21	26	3	AH0001	115.552	115.813	커지면	[]
21	26	4	AH0001	115.894	116.216	전쟁이	[]
21	26	5	AH0001	116.297	116.377	더	[]
21	26	6	AH0001	116.458	117.042	나죠.	[]
22	27	1	AH0002	117.081	117.241	더	[]
22	27	2	AH0002	117.261	117.521	나죠.	[]
22	27	3	AH0002	117.721	117.901	그니까	[]
22	27	4	AH0002	118.001	118.382	견제가	[8]
22	27	5	AH0002	118.462	118.542	될	[]
22	27	6	AH0002	118.642	118.862	수가	[]
22	27	7	AH0002	118.922	119.162	있게	[]
22	27	8	AH0002	119.222	119.722	되지마는	[]
22	27	9	AH0002	120.142	120.343	이제	[]
22	27	10	AH0002	120.423	120.543	더	[]
22	27	11	AH0002	120.603	120.703	안	[]
22	27	12	AH0002	120.783	120.903	나는	[]
22	27	13	AH0002	121.023	121.183	거고.	[]
22	27	14	AH0002	121.203	121.863	결국은	[9]
22	27	15	AH0002	121.963	122.143	이게	[]
22	27	16	AH0002	122.243	122.584	소통의	[]
22	27	17	AH0002	122.684	123.064	문제고.	[]
22	27	18	AH0002	123.584	123.784	이제	[]
22	27	19	AH0002	123.904	124.304	오해가	[]
22	27	20	AH0002	124.384	124.644	이렇게	[]
22	27	21	AH0002	124.785	125.065	쌓이고.	[]
22	27	22	AH0002	125.145	125.625	그러면은	[10]
22	27	23	AH0002	125.785	126.265	갈등	[]
22	27	24	AH0002	126.425	127.026	대립이	[]
22	27	25	AH0002	127.246	127.726	일어나서.	[]
22	28	1	AH0002	128.388	128.548	결국엔	[]
22	28	2	AH0002	128.669	129.009	인제	[]
22	28	3	AH0002	129.13	129.691	전쟁으로	[]
22	28	4	AH0002	129.711	130.252	끝이	[11]
22	28	5	AH0002	130.552	130.813	났기	[]
22	28	6	AH0002	130.873	131.214	때문에	[]
22	28	7	AH0002	131.795	132.015	이렇게	[]
22	28	8	AH0002	132.116	132.617	소통을	[]
22	28	9	AH0002	132.757	133.298	증진시켜야	[]
22	28	10	AH0002	133.338	133.719	되겠다.	[]
22	28	11	AH0002	133.899	134.1	뭘로	[]
22	28	12	AH0002	134.14	134.48	하느냐?	[]
22	28	13	AH0002	135.202	135.362	바로	[]
22	28	14	AH0002	135.482	135.863	교육	[]
22	28	15	AH0002	136.224	136.525	과학	[]
22	28	16	AH0002	136.705	136.885	문화	[]
22	28	17	AH0002	136.966	137.547	분야에서	[12]
22	28	18	AH0002	137.907	137.948	그	[]
22	28	19	AH0002	138.408	138.809	교류와	[]
22	28	20	AH0002	138.95	139.27	협력을	[]
22	28	21	AH0002	139.39	139.671	통해	[]
22	28	22	AH0002	139.711	139.972	가지고.	[]
22	29	1	AH0002	140.283	140.423	서로	[]
22	29	2	AH0002	140.483	140.784	이해를	[]
22	29	3	AH0002	140.844	141.184	높이고.	[13]
22	29	4	AH0002	141.444	142.425	궁극적으로는	[]
22	29	5	AH0002	142.986	143.086	이제	[]
22	29	6	AH0002	143.146	143.587	전쟁도	[]
22	29	7	AH0002	143.667	143.987	막고	[]
22	29	8	AH0002	144.428	145.089	궁극적으로는	[]
22	29	9	AH0002	145.249	145.649	평화죠.	[14]
22	29	10	AH0002	145.97	146.21	평화를	[]
22	29	11	AH0002	146.31	146.851	달성하자	[]
22	29	12	AH0002	146.991	147.251	이렇게	[]
22	29	13	AH0002	147.291	147.531	해서	[]
22	29	14	AH0002	147.972	148.893	만들어졌습니다.	[]
23	30	1	AH0001	148.664	148.879	근데	[]
23	31	1	AH0001	148.975	149.398	유엔이	[]
23	31	2	AH0001	149.478	150.203	창설되면서	[]
23	31	3	AH0001	150.283	150.646	동시에	[]
23	31	4	AH0001	150.686	151.189	만들어진	[]
23	31	5	AH0001	151.914	152.115	그렇게	[]
23	31	6	AH0001	152.176	152.297	봐야	[]
23	31	7	AH0001	152.337	152.518	됩니까?	[]
24	32	1	AH0002	152.526	153.588	그렇습니다.	[15]
24	32	2	AH0002	153.608	153.628	예.	[]
24	32	3	AH0002	153.708	154.229	그러니까	[]
24	32	4	AH0002	154.829	156.232	내년이	[]
24	32	5	AH0002	156.252	156.692	이천십오	[]
24	32	6	AH0002	156.752	157.353	년이니까	[]
24	32	7	AH0002	157.754	158.575	유네스코도	[]
24	32	8	AH0002	158.735	159.176	창설	[]
24	32	9	AH0002	159.336	159.557	칠십	[]
24	32	10	AH0002	159.657	159.877	주년이	[]
24	32	11	AH0002	160.037	160.177	되는	[]
24	32	12	AH0002	160.258	160.518	거죠.	[]
25	33	1	AH0001	160.557	161.263	그렇군요.	[]
26	34	1	AH0002	161.393	161.854	저희가	[]
26	34	2	AH0002	161.974	162.235	이제	[]
26	34	3	AH0002	162.315	162.535	오십	[]
26	34	4	AH0002	162.615	162.976	년에	[]
26	34	5	AH0002	163.096	163.537	가입을	[]
26	34	6	AH0002	164.018	164.499	했으니까	[]
26	34	7	AH0002	164.579	164.78	육십오	[]
26	34	8	AH0002	164.86	165.1	주년이	[]
26	34	9	AH0002	165.181	165.261	되는	[]
26	34	10	AH0002	165.642	165.882	거고요.	[]
27	35	1	AH0001	165.92	166.142	우리는	[]
27	35	2	AH0001	166.223	166.465	오십	[]
27	35	3	AH0001	166.565	166.727	년에	[]
27	35	4	AH0001	166.787	167.009	가입을	[]
27	35	5	AH0001	167.07	167.695	했어요?	[16]
27	36	1	AH0001	167.97	168.192	오십	[]
27	36	2	AH0001	168.252	168.514	년이면	[]
27	36	3	AH0001	169.099	169.683	한국전쟁	[]
27	36	4	AH0001	169.784	170.167	육이오	[]
28	37	1	AH0002	170.328	170.75	그게	[]
28	37	2	AH0002	170.85	171.754	참	[]
28	37	3	AH0002	171.834	173.179	아이러니한데요.	[]
28	38	1	AH0002	173.214	173.374	그	[]
28	38	2	AH0002	173.474	173.755	평화를	[]
28	38	3	AH0002	173.835	174.215	만든	[]
28	38	4	AH0002	174.695	174.775	그	[]
28	38	5	AH0002	174.876	175.676	국제기구에	[]
28	38	6	AH0002	175.836	176.117	정말	[]
28	38	7	AH0002	176.177	176.357	우리	[]
28	38	8	AH0002	176.437	177.098	대한민국이	[]
28	38	9	AH0002	177.558	177.798	일제	[]
28	38	10	AH0002	177.878	178.199	식민	[]
28	38	11	AH0002	178.299	178.679	통치를	[]
28	38	12	AH0002	178.759	179.24	받고.	[]
28	38	13	AH0002	179.56	180.02	그다음에	[]
28	38	14	AH0002	180.521	180.961	겨우	[]
28	38	15	AH0002	181.001	181.301	이제	[]
28	38	16	AH0002	181.422	182.202	자유민주주	[]
28	38	17	AH0002	182.362	182.683	정부를	[]
28	38	18	AH0002	182.843	182.983	수립을	[]
28	38	19	AH0002	183.303	183.483	해서.	[17]
28	39	1	AH0002	184.035	184.636	국제사회에	[]
28	39	2	AH0002	184.737	185.137	당당한	[]
28	39	3	AH0002	185.218	185.639	일원으로	[]
28	39	4	AH0002	185.659	185.679	한	[]
28	39	5	AH0002	185.779	185.899	번	[]
28	39	6	AH0002	186.019	186.36	나가서	[]
28	39	7	AH0002	186.38	186.561	인제	[]
28	39	8	AH0002	186.661	186.901	활동을	[]
28	39	9	AH0002	186.981	187.042	좀	[]
28	39	10	AH0002	187.122	187.904	해보겠다.	[18]
28	39	11	AH0002	188.144	188.385	그때는	[]
28	39	12	AH0002	188.465	188.785	유엔에	[]
28	39	13	AH0002	188.846	189.066	우리가	[]
28	39	14	AH0002	189.186	189.427	가입을	[]
28	39	15	AH0002	189.487	189.808	하기도	[]
28	39	16	AH0002	189.968	190.65	전이었잖아요.	[19]
28	40	1	AH0002	191.298	191.498	그렇게	[]
28	40	2	AH0002	191.558	191.999	했는데.	[]
28	40	3	AH0002	192.48	192.56	유	[]
28	40	4	AH0002	192.6	192.7	월	[]
28	40	5	AH0002	192.82	193.201	십사	[]
28	40	6	AH0002	193.281	193.341	일	[]
28	40	7	AH0002	193.441	193.562	날	[]
28	40	8	AH0002	193.722	194.603	가입하자마자	[]
28	40	9	AH0002	195.204	195.605	열하루	[]
28	40	10	AH0002	195.685	196.065	만에	[]
28	40	11	AH0002	196.586	197.187	전쟁에	[]
28	40	12	AH0002	197.287	197.608	참화에	[]
28	40	13	AH0002	197.728	198.069	휩쓸린	[]
28	40	14	AH0002	198.109	198.369	거예요.	[]
29	41	1	AH0001	198.37	198.973	유네스코에	[]
29	41	2	AH0001	199.053	199.234	우리가	[]
29	41	3	AH0001	199.295	199.656	가입한	[]
29	41	4	AH0001	199.757	199.897	게	[]
29	41	5	AH0001	200.038	200.601	천구백오십	[]
29	41	6	AH0001	200.701	200.782	년	[]
29	41	7	AH0001	200.882	200.922	유	[]
29	41	8	AH0001	200.983	201.204	월	[]
29	41	9	AH0001	201.224	201.405	십사	[]
29	41	10	AH0001	201.465	202.048	일이에요?	[]
30	42	1	AH0002	202.048	203.114	가입한	[]
30	42	2	AH0002	203.134	203.154	게	[]
30	42	3	AH0002	203.214	203.576	오십	[]
30	42	4	AH0002	203.657	203.677	년	[]
30	42	5	AH0002	203.838	203.958	이제	[]
30	42	6	AH0002	204.039	204.119	유	[]
30	42	7	AH0002	204.18	204.24	월	[]
30	42	8	AH0002	204.361	204.602	십사	[]
30	42	9	AH0002	204.682	205.004	일이죠.	[]
31	43	1	AH0001	205.004	205.651	한국전쟁	[]
31	43	2	AH0001	205.752	205.853	십일	[]
31	43	3	AH0001	205.894	205.934	일	[]
31	43	4	AH0001	206.157	206.177	전?	[]
32	44	1	AH0002	206.462	206.482	예	[]
32	44	2	AH0002	206.503	206.809	십일	[]
32	44	3	AH0002	206.87	206.891	일	[]
32	44	4	AH0002	207.013	207.034	전.	[]
33	45	1	AH0001	207.483	207.705	참	[]
33	45	2	AH0001	208.429	208.873	네	[]
33	45	3	AH0001	208.993	209.013	네.	[]
33	46	1	AH0001	210.776	211.157	교육	[]
33	46	2	AH0001	211.498	211.759	과학	[]
33	46	3	AH0001	211.899	212.261	문화라고	[]
33	46	4	AH0001	212.281	212.561	그러셨고	[]
33	46	5	AH0001	212.662	212.923	교육이	[]
33	46	6	AH0001	212.983	213.183	가장	[]
33	46	7	AH0001	213.264	213.524	크다고	[]
33	46	8	AH0001	213.565	214.066	했는데.	[20]
33	46	9	AH0001	214.086	214.407	그럼	[]
33	46	10	AH0001	214.588	214.768	주로	[]
33	46	11	AH0001	214.828	215.089	어떤	[]
33	46	12	AH0001	215.149	215.39	활동을	[]
33	46	13	AH0001	215.41	215.571	하는	[]
33	46	14	AH0001	215.611	215.932	겁니까?	[]
33	46	15	AH0001	216.032	216.273	교육을	[]
33	46	16	AH0001	216.393	216.634	통해서	[]
33	46	17	AH0001	216.714	216.835	뭘	[]
33	46	18	AH0001	216.935	216.995	하는	[]
33	46	19	AH0001	217.055	217.276	거예요?	[]
34	47	1	AH0002	217.591	218.253	기본적으로	[]
34	47	2	AH0002	218.313	218.834	이제	[]
34	47	3	AH0002	219.135	220.017	교육을	[]
34	47	4	AH0002	220.539	221.281	통해서	[]
34	47	5	AH0002	221.301	221.321	어	[]
34	47	6	AH0002	222.103	222.765	국제간에	[]
34	47	7	AH0002	222.925	223.226	교류와	[]
34	47	8	AH0002	223.306	223.807	협력을	[21]
34	47	9	AH0002	224.81	225.031	하는	[]
34	47	10	AH0002	225.211	225.712	것이기	[]
34	47	11	AH0002	225.853	226.113	때문에.	[22]
34	48	1	AH0002	226.802	226.982	그에	[]
34	48	2	AH0002	227.063	227.283	관한	[]
34	48	3	AH0002	227.484	227.664	거의	[]
34	48	4	AH0002	227.784	228.105	모든	[]
34	48	5	AH0002	228.306	228.566	것을	[]
34	48	6	AH0002	228.646	228.767	다	[]
34	48	7	AH0002	228.847	229.508	망라한다고	[]
34	48	8	AH0002	229.528	230.651	이렇게	[23]
34	48	9	AH0002	230.691	230.711	할	[]
34	48	10	AH0002	230.892	231.052	수가	[]
34	48	11	AH0002	231.092	231.593	있는데.	[]
34	48	12	AH0002	232.154	233.077	이제	[]
34	48	13	AH0002	233.498	233.558	그	[]
34	48	14	AH0002	233.658	234.219	요즘은	[]
34	48	15	AH0002	234.299	234.68	특히	[]
34	48	16	AH0002	234.781	235.302	중시하는	[]
34	48	17	AH0002	235.422	235.603	것이.	[]
34	49	1	AH0002	236.307	236.688	에	[]
34	49	2	AH0002	237.069	237.37	그	[]
34	49	3	AH0002	237.59	238.032	저개발국에	[]
34	49	4	AH0002	238.453	239.455	에	[]
34	49	5	AH0002	239.636	240.458	국민들을	[]
34	49	6	AH0002	240.859	241.2	교육을	[]
34	49	7	AH0002	241.32	242.022	통해서	[]
34	49	8	AH0002	242.945	243.847	그들에	[]
34	49	9	AH0002	244.028	244.369	자립을	[]
34	49	10	AH0002	244.489	244.91	돕고	[]
35	50	1	AH0001	245.231	246.27	교육지원사업.	[]
36	51	1	AH0002	246.582	247.223	교육지원사업	[]
36	51	2	AH0002	247.344	247.504	같은	[24]
36	51	3	AH0002	247.524	247.544	걸	[]
36	51	4	AH0002	247.684	248.005	많이	[]
36	51	5	AH0002	248.145	248.386	합니다.	[]
36	51	6	AH0002	248.406	249.168	그리고	[]
36	51	7	AH0002	249.188	249.208	어	[]
36	51	8	AH0002	249.348	249.568	세계	[]
36	51	9	AH0002	249.669	250.049	교육에	[]
36	51	10	AH0002	250.069	250.33	어떤	[]
36	51	11	AH0002	250.45	250.891	어젠다	[]
36	51	12	AH0002	250.931	251.172	같은	[]
36	51	13	AH0002	251.252	251.593	거를	[]
36	51	14	AH0002	251.613	251.833	이렇게	[]
36	51	15	AH0002	251.913	252.154	설정을	[]
36	51	16	AH0002	252.174	252.495	하는데.	[]
36	51	17	AH0002	252.655	252.956	내년	[]
36	51	18	AH0002	252.996	253.276	이제	[]
36	51	19	AH0002	253.397	253.477	오	[]
36	51	20	AH0002	253.557	253.677	월	[]
36	51	21	AH0002	253.757	253.938	십구	[]
36	51	22	AH0002	253.998	254.359	일부터.	[]
36	52	1	AH0002	254.955	255.395	이십이	[]
36	52	2	AH0002	255.515	255.596	일	[]
36	52	3	AH0002	255.716	255.996	동안	[]
36	52	4	AH0002	256.116	256.476	인천	[]
36	52	5	AH0002	256.636	257.317	송도에서	[]
36	52	6	AH0002	257.938	258.238	어	[]
36	52	7	AH0002	258.438	259.339	세계교육포럼을	[]
36	52	8	AH0002	259.439	259.739	하거든요.	[25]
36	52	9	AH0002	260.78	260.9	거의	[]
36	52	10	AH0002	260.98	261.08	한	[]
36	52	11	AH0002	261.14	261.421	이천	[]
36	52	12	AH0002	261.521	261.621	명	[]
36	52	13	AH0002	261.641	261.941	이상	[]
36	52	14	AH0002	262.041	262.642	이제	[]
36	52	15	AH0002	262.862	264.343	장관들이	[26]
36	52	16	AH0002	264.443	265.004	모일텐데.	[]
36	53	1	AH0002	265.721	265.881	에	[]
36	53	2	AH0002	265.961	266.642	이천삼십	[]
36	53	3	AH0002	266.742	267.763	년까지에	[]
36	53	4	AH0002	267.784	268.304	어	[]
36	53	5	AH0002	268.344	268.584	어떤	[]
36	53	6	AH0002	268.825	270.226	교육	[]
36	53	7	AH0002	270.247	270.267	어	[]
36	53	8	AH0002	270.527	271.488	어젠다를	[]
36	53	9	AH0002	271.508	271.708	이렇게	[]
36	53	10	AH0002	271.808	272.389	설정하는	[27]
36	53	11	AH0002	272.81	273.09	교육에	[]
36	53	12	AH0002	273.17	273.39	관한	[]
36	53	13	AH0002	273.47	273.831	사실상	[]
36	53	14	AH0002	273.971	274.111	유엔	[]
36	53	15	AH0002	274.231	274.632	총회라고	[]
36	53	16	AH0002	274.652	274.752	이렇게	[]
36	53	17	AH0002	274.952	274.972	할	[]
36	53	18	AH0002	275.032	275.092	수	[]
36	53	19	AH0002	275.112	275.553	있습니다.	[28]
36	54	1	AH0002	276.105	276.205	이제	[]
36	54	2	AH0002	276.305	276.586	그런	[]
36	54	3	AH0002	276.726	277.107	일도	[]
36	54	4	AH0002	277.127	277.407	인제	[]
36	54	5	AH0002	277.467	278.169	유네스코에서	[]
36	54	6	AH0002	278.189	278.349	하고	[]
36	54	7	AH0002	278.369	278.75	있는	[]
36	54	8	AH0002	278.79	278.83	거죠.	[]
37	55	1	AH0001	278.894	279.497	미래를	[]
37	55	2	AH0001	279.617	280.14	향해서	[]
37	55	3	AH0001	280.301	280.441	전	[]
37	55	4	AH0001	280.562	280.763	세계	[]
37	55	5	AH0001	280.863	281.345	교육이	[]
37	55	6	AH0001	281.627	281.888	어떤	[]
37	55	7	AH0001	281.968	282.31	방향으로	[]
37	55	8	AH0001	282.39	282.672	나아가야	[]
37	55	9	AH0001	282.752	283.013	되느냐	[29]
37	56	1	AH0001	283.851	283.971	그런	[]
37	56	2	AH0001	284.051	284.731	것들에	[]
37	56	3	AH0001	284.972	285.272	총의를	[]
37	56	4	AH0001	285.392	285.752	모으는	[30]
37	56	5	AH0001	285.972	286.312	그런	[]
37	56	6	AH0001	286.412	286.952	교류사업도	[]
37	56	7	AH0001	286.992	287.713	있고.	[31]
37	56	8	AH0001	287.933	288.413	저개발	[]
37	56	9	AH0001	288.513	289.013	국가에	[]
37	56	10	AH0001	289.153	289.914	교육지원사업을	[]
37	56	11	AH0001	289.934	290.674	한다.	[32]
37	56	12	AH0001	291.134	291.194	아	[]
37	56	13	AH0001	291.555	291.915	우리는	[]
37	56	14	AH0001	292.095	292.315	직접	[]
37	56	15	AH0001	292.595	293.115	유네스코로부터	[]
37	56	16	AH0001	293.195	293.836	교육지원사업을	[]
37	56	17	AH0001	293.936	294.496	받았습니까?	[]
38	57	1	AH0002	294.933	296.014	옛날에	[]
38	57	2	AH0002	296.234	296.855	저희만큼	[]
38	57	3	AH0002	296.875	297.495	이제	[]
38	57	4	AH0002	297.695	298.676	유네스코로부터	[]
38	57	5	AH0002	299.276	299.376	교육	[]
38	57	6	AH0002	299.497	299.957	지원을	[]
38	57	7	AH0002	300.297	300.497	많이	[]
38	57	8	AH0002	300.597	300.958	받고	[]
38	57	9	AH0002	301.118	301.478	성공한	[]
38	57	10	AH0002	301.538	301.818	나라가	[]
38	57	11	AH0002	301.878	302.119	없을	[]
38	57	12	AH0002	302.199	302.619	겁니다.	[33]
38	58	1	AH0002	302.82	303.281	한마디로	[]
38	58	2	AH0002	303.361	303.822	말해서	[]
38	58	3	AH0002	304.382	305.384	우리나라에	[]
38	58	4	AH0002	305.604	305.865	지금에	[]
38	58	5	AH0002	305.965	306.506	발전은	[]
38	58	6	AH0002	306.947	307.588	유네스코에	[]
38	58	7	AH0002	307.708	307.888	교육	[]
38	58	8	AH0002	308.008	308.389	지원이	[]
38	58	9	AH0002	308.449	308.99	없었으면	[]
38	58	10	AH0002	309.15	309.811	불가능했다.	[]
38	58	11	AH0002	310.051	310.272	그러니까	[]
38	58	12	AH0002	310.292	310.552	아까	[]
38	58	13	AH0002	311.093	311.514	전쟁이	[]
38	58	14	AH0002	311.574	311.814	났죠?	[34]
38	59	1	AH0002	312.359	312.419	삼	[]
38	59	2	AH0002	312.499	312.6	년	[]
38	59	3	AH0002	312.72	313.181	전쟁이	[]
38	59	4	AH0002	313.602	314.003	우리한테	[]
38	59	5	AH0002	314.064	314.364	남긴	[]
38	59	6	AH0002	314.465	314.525	게	[]
38	59	7	AH0002	314.605	315.287	뭐겠습니까?	[]
38	59	8	AH0002	315.427	315.908	완전한	[]
38	59	9	AH0002	316.109	316.71	폐허와	[]
38	59	10	AH0002	316.911	318.415	절망뿐이었죠.	[35]
38	60	1	AH0002	318.604	319.084	그때	[]
38	60	2	AH0002	319.144	319.464	이제	[]
38	60	3	AH0002	319.605	320.225	유네스코가	[]
38	60	4	AH0002	320.365	320.725	긴급	[]
38	60	5	AH0002	321.025	321.305	그	[]
38	60	6	AH0002	321.525	321.806	결의를	[]
38	60	7	AH0002	321.866	322.506	했는데.	[36]
38	60	8	AH0002	322.566	323.386	에	[]
38	60	9	AH0002	323.607	323.887	지금	[]
38	60	10	AH0002	324.147	324.647	서울에	[]
38	60	11	AH0002	324.667	324.687	그	[]
38	60	12	AH0002	325.007	325.648	그	[]
38	60	13	AH0002	327.188	327.729	대방동에.	[37]
38	61	1	AH0002	328.508	328.929	연간	[]
38	61	2	AH0002	329.049	329.43	삼천만	[]
38	61	3	AH0002	329.71	329.951	권에	[]
38	61	4	AH0002	330.091	330.833	교과서를	[]
38	61	5	AH0002	330.973	331.354	발간할	[]
38	61	6	AH0002	331.434	331.514	수	[]
38	61	7	AH0002	331.554	331.915	있는	[]
38	61	8	AH0002	332.436	332.756	대규모	[]
38	61	9	AH0002	332.856	333.698	인쇄공장을	[]
38	61	10	AH0002	334.359	335.221	세워줬어요.	[38]
38	62	1	AH0002	335.519	335.779	그때	[]
38	62	2	AH0002	335.799	336.04	이제	[]
38	62	3	AH0002	336.3	336.801	발간된	[]
38	62	4	AH0002	337.282	337.742	교과서가	[]
38	62	5	AH0002	337.782	338.003	이제	[]
38	62	6	AH0002	338.163	338.263	제가	[]
38	62	7	AH0002	338.544	338.584	다	[]
38	62	8	AH0002	338.684	338.764	들고	[]
38	62	9	AH0002	338.944	339.485	나왔는데.	[]
38	62	10	AH0002	339.886	339.946	요	[]
38	62	11	AH0002	340.106	340.747	교과서입니다.	[39]
38	62	12	AH0002	342.029	342.109	좀	[]
38	62	13	AH0002	342.249	342.63	누렇고	[]
38	62	14	AH0002	342.65	342.95	이렇게	[]
38	62	15	AH0002	343.01	343.351	하죠.	[]
38	63	1	AH0002	343.605	344.67	사실은	[]
38	63	2	AH0002	344.75	344.931	잘	[]
38	63	3	AH0002	345.052	345.474	모르실지	[]
38	63	4	AH0002	345.534	345.956	모르지만	[]
38	63	5	AH0002	346.036	346.116	이	[]
38	63	6	AH0002	346.197	346.337	책	[]
38	63	7	AH0002	346.358	346.579	가지고	[]
38	63	8	AH0002	346.679	346.9	공부를	[]
38	63	9	AH0002	346.94	347.764	하셨어요.	[]
39	64	1	AH0001	347.764	348.045	저도	[]
39	64	2	AH0001	348.085	348.325	육십	[]
39	64	3	AH0001	348.406	348.767	년대	[]
39	64	4	AH0001	348.907	349.308	초등학교를	[]
39	64	5	AH0001	349.388	349.93	다녔으니까요.	[]
40	65	1	AH0002	350.157	350.217	그렇죠.	[]
40	65	2	AH0002	350.237	351.198	그러니까	[40]
40	65	3	AH0002	351.318	352.459	천구백오십사	[]
40	65	4	AH0002	352.599	353.0	년에	[]
40	65	5	AH0002	353.681	354.201	에	[]
40	65	6	AH0002	354.441	354.982	처음으로	[]
40	65	7	AH0002	355.062	355.242	이	[]
40	65	8	AH0002	355.342	355.903	교과서가	[]
40	65	9	AH0002	355.983	356.884	나왔는데.	[41]
40	65	10	AH0002	357.424	357.645	이	[]
40	65	11	AH0002	357.765	359.306	교과서를	[]
40	65	12	AH0002	359.386	359.807	가지고	[]
40	65	13	AH0002	359.887	360.147	이제	[]
40	65	14	AH0002	360.307	360.428	다	[]
40	65	15	AH0002	360.448	360.708	공부를	[]
40	65	16	AH0002	360.768	361.789	했고요.	[42]
40	65	17	AH0002	361.849	361.869	어	[]
40	66	1	AH0002	361.914	362.155	저도	[]
40	66	2	AH0002	362.256	362.598	이제	[]
40	66	3	AH0002	362.618	362.638	그	[]
40	66	4	AH0002	362.678	362.859	이	[]
40	66	5	AH0002	362.92	363.141	교과서를	[]
40	66	6	AH0002	363.201	363.664	가지고	[]
40	66	7	AH0002	363.825	363.905	공부를	[]
40	66	8	AH0002	363.945	364.046	한	[]
40	66	9	AH0002	364.106	364.428	거죠.	[]
41	67	1	AH0001	364.431	365.054	그	[]
41	67	2	AH0001	365.154	365.416	인쇄	[]
41	67	3	AH0001	365.516	366.179	공장에서	[]
41	67	4	AH0001	366.501	366.842	찍어낸	[]
41	67	5	AH0001	366.922	367.425	교과서가	[]
41	67	6	AH0001	367.586	368.048	언제까지	[]
41	67	7	AH0001	368.088	368.369	발간이	[]
41	67	8	AH0001	368.429	368.47	되는	[]
41	67	9	AH0001	368.53	369.213	겁니까?	[]
42	68	1	AH0002	369.252	369.453	그러니까	[]
42	68	2	AH0002	369.593	369.915	그	[]
42	68	3	AH0002	370.135	370.939	인쇄공장에	[]
42	68	4	AH0002	371.039	371.481	없어지는	[]
42	68	5	AH0002	371.581	371.641	게	[]
42	68	6	AH0002	371.681	372.384	아니고.	[]
42	68	7	AH0002	372.424	372.987	윤전기가	[]
42	68	8	AH0002	373.027	373.207	있고	[]
42	68	9	AH0002	373.288	373.529	계속	[]
42	68	10	AH0002	373.569	373.81	있고	[]
42	68	11	AH0002	373.89	373.99	그게	[]
42	69	1	AH0002	375.032	375.132	우리	[]
42	69	2	AH0002	375.152	375.793	국정교과서	[]
42	69	3	AH0002	375.973	377.896	주식회사가	[43]
42	69	4	AH0002	378.077	378.317	그렇게	[]
42	69	5	AH0002	378.437	378.477	한	[]
42	69	6	AH0002	378.557	378.738	거기	[]
42	69	7	AH0002	378.858	379.158	때문에.	[]
42	69	8	AH0002	379.299	379.639	거의	[]
42	69	9	AH0002	380.14	380.22	그	[]
42	69	10	AH0002	380.28	380.801	윤전기가	[]
42	69	11	AH0002	380.861	381.762	없어지는	[]
42	69	12	AH0002	381.923	382.784	동안까지는	[]
42	69	13	AH0002	382.984	383.265	계속	[]
42	69	14	AH0002	384.086	384.126	그	[]
42	69	15	AH0002	384.246	385.007	국정교과서	[]
42	69	16	AH0002	385.268	385.949	주식회사에서.	[]
43	70	1	AH0001	383.127	383.31	겠네요.	[]
44	71	1	AH0002	386.527	386.728	발행된	[]
44	71	2	AH0002	386.848	387.25	그러니까	[]
44	71	3	AH0002	387.31	387.772	유네스코가	[]
44	71	4	AH0002	387.853	388.214	발간해	[]
44	71	5	AH0002	388.295	388.415	준	[]
44	71	6	AH0002	388.817	389.178	교과서를	[]
44	71	7	AH0002	389.219	389.54	가지고	[]
44	71	8	AH0002	389.62	389.882	공부를	[]
44	71	9	AH0002	389.942	389.982	한	[]
44	71	10	AH0002	390.062	390.283	거죠	[]
44	71	11	AH0002	390.344	390.625	알게	[]
44	71	12	AH0002	390.685	390.906	모르게	[]
44	71	13	AH0002	391.127	391.147	다.	[]
45	72	1	AH0001	391.165	391.827	놀랍네요.	[]
45	72	2	AH0001	392.087	392.568	오십사	[]
45	72	3	AH0001	392.689	393.23	년이면	[]
45	72	4	AH0001	393.411	393.531	우리	[]
45	72	5	AH0001	393.591	393.872	전쟁이	[]
45	72	6	AH0001	393.932	394.233	끝난	[]
45	72	7	AH0001	394.353	395.255	직후고.	[44]
45	72	8	AH0001	395.536	395.937	말씀하신	[]
45	72	9	AH0001	395.977	396.318	것처럼	[]
45	72	10	AH0001	396.498	396.759	폐허고.	[45]
45	73	1	AH0001	397.696	398.136	다들	[]
45	73	2	AH0001	398.236	398.657	굶주리고	[]
45	73	3	AH0001	398.697	398.997	있고.	[46]
45	73	4	AH0001	399.277	399.497	그때	[]
45	73	5	AH0001	399.837	399.917	왜	[]
45	73	6	AH0001	399.977	400.678	옥수수빵	[]
45	73	7	AH0001	400.838	401.138	뭐	[]
45	73	8	AH0001	401.158	401.758	뭐	[]
45	73	9	AH0001	401.879	402.319	우윳가루	[47]
45	73	10	AH0001	402.379	402.539	이런	[]
45	73	11	AH0001	402.559	402.579	거	[]
45	73	12	AH0001	402.759	402.859	다	[]
45	73	13	AH0001	402.939	403.159	우리	[]
45	73	14	AH0001	403.299	403.64	먼저	[]
45	73	15	AH0001	404.04	404.3	받아서	[]
45	73	16	AH0001	404.34	404.58	먹지	[]
45	73	17	AH0001	404.64	405.841	먹었잖아요.	[]
46	74	1	AH0002	403.671	403.993	많이	[]
46	74	2	AH0002	404.034	404.275	드셨죠.	[]
46	74	3	AH0002	404.295	404.315	네.	[]
46	74	4	AH0002	404.356	404.376	예.	[]
47	75	1	AH0001	406.242	406.422	근데	[]
47	75	2	AH0001	406.522	406.803	그런	[]
47	75	3	AH0001	407.263	407.764	음식이나	[]
47	75	4	AH0001	407.804	407.944	이런	[]
47	75	5	AH0001	408.004	408.084	걸	[]
47	75	6	AH0001	408.184	408.444	줄	[]
47	75	7	AH0001	408.484	409.225	생각보다는	[]
47	75	8	AH0001	409.926	410.326	교과서	[]
47	75	9	AH0001	410.427	410.787	찍어내는	[]
47	75	10	AH0001	410.807	411.548	인쇄공장을	[]
47	75	11	AH0001	411.628	412.769	지어준다.	[48]
47	75	12	AH0001	412.909	413.61	남다른데요?	[]
47	76	1	AH0001	413.752	414.258	유네스코가	[]
47	76	2	AH0001	414.319	414.481	확실히.	[]
48	77	1	AH0002	414.549	415.67	그거를	[]
48	77	2	AH0002	415.85	416.571	정말	[]
48	77	3	AH0002	417.472	417.732	우리가	[]
48	77	4	AH0002	417.852	418.232	잘	[]
48	77	5	AH0002	418.393	418.873	생각을	[49]
48	77	6	AH0002	419.574	419.974	해봐야	[]
48	77	7	AH0002	420.094	420.435	됩니다.	[]
48	77	8	AH0002	420.535	420.755	저도	[]
48	77	9	AH0002	420.835	420.995	참	[]
48	77	10	AH0002	421.756	422.136	어	[]
48	77	11	AH0002	422.296	423.037	대단하다는	[]
48	77	12	AH0002	423.117	423.377	생각이	[]
48	77	13	AH0002	423.457	423.838	들었거든요.	[50]
48	78	1	AH0002	424.381	424.842	그때는	[]
48	78	2	AH0002	425.423	425.624	어	[]
48	78	3	AH0002	425.784	426.005	많은	[]
48	78	4	AH0002	426.085	426.746	사람들이	[]
48	78	5	AH0002	426.766	427.287	이제	[]
48	78	6	AH0002	427.608	428.049	굶주리고	[]
48	78	7	AH0002	428.069	428.651	있었고	[]
48	78	8	AH0002	429.011	429.553	그다음에	[]
48	78	9	AH0002	430.274	430.635	질병에	[]
48	78	10	AH0002	430.735	431.136	시달리고	[]
48	78	11	AH0002	431.176	431.697	있었는데	[]
48	79	1	AH0002	432.229	433.05	식량이나	[]
48	79	2	AH0002	433.19	433.551	약품을	[]
48	79	3	AH0002	433.651	433.871	주지	[]
48	79	4	AH0002	433.931	434.752	않고.	[51]
48	79	5	AH0002	434.933	435.153	책을	[]
48	79	6	AH0002	435.213	435.513	줬단	[]
48	79	7	AH0002	435.554	436.275	말이에요.	[52]
48	79	8	AH0002	436.695	436.975	근데	[]
48	79	9	AH0002	437.536	437.656	왜	[]
48	79	10	AH0002	437.777	438.317	줬을까?	[]
48	79	11	AH0002	438.878	439.359	가만히	[]
48	79	12	AH0002	439.439	440.16	생각해보고.	[]
48	79	13	AH0002	440.32	440.781	그게	[]
48	79	14	AH0002	441.061	441.181	또	[]
48	79	15	AH0002	441.341	441.682	사실로	[]
48	79	16	AH0002	441.762	442.163	밝혀진	[]
48	79	17	AH0002	442.283	442.303	게.	[]
48	80	1	AH0002	442.944	443.806	유네스코는	[]
48	80	2	AH0002	444.066	444.988	대한민국이	[]
48	80	3	AH0002	445.128	445.609	정말	[]
48	80	4	AH0002	445.79	446.291	전쟁에	[]
48	80	5	AH0002	446.752	447.112	절망	[]
48	80	6	AH0002	447.233	447.714	속에서	[53]
48	80	7	AH0002	448.495	448.635	아무	[]
48	80	8	AH0002	448.696	449.678	것도	[]
48	80	9	AH0002	449.898	450.098	바라볼	[]
48	80	10	AH0002	450.259	450.499	것이	[]
48	80	11	AH0002	450.519	451.06	없었는데.	[]
48	81	1	AH0002	451.829	452.209	에	[]
48	81	2	AH0002	452.39	452.59	이	[]
48	81	3	AH0002	452.69	453.131	나라가	[]
48	81	4	AH0002	453.251	453.571	희망을	[]
48	81	5	AH0002	453.631	453.992	갖고	[]
48	81	6	AH0002	454.112	454.533	발전을	[]
48	81	7	AH0002	454.553	454.613	할	[]
48	81	8	AH0002	454.773	454.893	수	[]
48	81	9	AH0002	455.033	455.273	있기	[]
48	81	10	AH0002	455.334	455.814	위해서는	[54]
48	81	11	AH0002	456.315	456.495	배움	[]
48	81	12	AH0002	456.595	456.795	밖에	[]
48	81	13	AH0002	456.856	457.196	없다.	[]
49	82	1	AH0001	457.872	458.282	공부	[]
49	82	2	AH0001	458.385	458.529	교육.	[]
50	83	1	AH0002	458.834	459.355	그렇죠.	[55]
50	83	2	AH0002	459.375	459.435	그리고	[]
50	83	3	AH0002	459.755	459.916	우리	[]
50	83	4	AH0002	459.976	460.617	부모들도	[]
50	83	5	AH0002	460.997	461.057	그	[]
50	83	6	AH0002	461.077	461.558	당시에	[]
50	83	7	AH0002	462.279	462.54	그랬지	[]
50	83	8	AH0002	462.58	463.281	않습니까?	[]
50	83	9	AH0002	463.661	464.182	당신은	[]
50	83	10	AH0002	464.202	464.643	한	[]
50	83	11	AH0002	464.823	464.903	끼	[]
50	83	12	AH0002	464.983	465.044	두	[]
50	83	13	AH0002	465.164	465.304	끼를	[]
50	83	14	AH0002	465.384	465.885	굶어도	[]
50	83	15	AH0002	466.125	466.686	자식들은	[]
50	83	16	AH0002	466.987	467.387	절대로	[]
50	83	17	AH0002	467.908	468.188	교육을.	[]
50	84	1	AH0002	469.088	469.108	그	[]
51	85	1	AH0001	469.252	469.433	아니	[]
51	85	2	AH0001	469.574	469.815	세계	[]
51	85	3	AH0001	469.955	470.317	최고에	[]
51	85	4	AH0001	470.417	471.081	교육열이죠.	[]
51	85	5	AH0001	471.382	471.965	대한민국	[56]
51	85	6	AH0001	472.387	472.769	지금도	[]
51	85	7	AH0001	472.809	473.251	그렇고요	[]
51	85	8	AH0001	473.331	473.532	사실.	[]
52	86	1	AH0002	474.093	474.233	근데	[]
52	86	2	AH0002	474.293	474.574	사실	[]
52	86	3	AH0002	474.714	475.034	그	[]
52	86	4	AH0002	475.054	475.074	그	[]
52	86	5	AH0002	475.895	476.676	그때	[]
52	86	6	AH0002	476.736	476.956	이렇게	[]
52	86	7	AH0002	477.016	477.336	생각을	[]
52	86	8	AH0002	477.356	477.777	해보면요.	[]
52	86	9	AH0002	477.917	478.237	맥아더	[]
52	86	10	AH0002	478.277	478.618	장군이	[]
52	86	11	AH0002	478.638	478.998	이런	[]
52	86	12	AH0002	479.619	479.819	말을	[]
52	86	13	AH0002	479.859	480.219	했다고	[]
52	86	14	AH0002	480.38	480.76	그래요.	[]
52	87	1	AH0002	480.88	480.94	이	[]
52	87	2	AH0002	481.08	481.42	나라가	[]
52	87	3	AH0002	481.541	481.901	본래에	[]
52	87	4	AH0002	482.001	482.461	모습을	[]
52	87	5	AH0002	483.262	483.722	찾을려고	[]
52	87	6	AH0002	483.742	484.143	그러면은	[]
52	87	7	AH0002	484.603	484.723	백	[]
52	87	8	AH0002	484.843	485.043	년은	[]
52	87	9	AH0002	485.123	485.363	족히	[]
52	87	10	AH0002	485.424	485.624	걸릴	[]
52	87	11	AH0002	485.724	486.264	것이다.	[57]
52	87	12	AH0002	487.045	487.105	있는데	[]
52	88	1	AH0002	487.76	487.9	그	[]
52	88	2	AH0002	488.02	488.48	예견은	[]
52	88	3	AH0002	488.8	489.321	완전히	[]
52	88	4	AH0002	489.481	489.641	틀린	[]
52	88	5	AH0002	489.701	489.941	거죠.	[]
52	88	6	AH0002	490.121	490.541	반세기	[]
52	88	7	AH0002	490.601	490.841	만에	[]
52	88	8	AH0002	490.921	491.182	우리가	[58]
52	88	9	AH0002	491.902	492.422	저	[]
52	88	10	AH0002	492.662	492.922	아까도	[]
52	88	11	AH0002	493.002	494.083	말씀하셨던	[]
52	88	12	AH0002	494.183	495.364	대로	[]
52	88	13	AH0002	495.384	495.404	어	[]
52	88	14	AH0002	495.584	495.944	세계적인	[]
52	88	15	AH0002	496.024	496.324	경제	[]
52	88	16	AH0002	496.384	496.884	대국이	[]
52	88	17	AH0002	497.024	498.305	되고	[]
52	88	18	AH0002	498.785	499.125	도와준	[]
52	88	19	AH0002	499.185	499.485	나라가	[]
52	88	20	AH0002	499.525	499.826	이렇게	[]
52	88	21	AH0002	499.846	500.726	됐으니까요.	[]
53	89	1	AH0001	501.976	502.216	뭐	[]
53	89	2	AH0001	502.336	502.476	먹을	[]
53	89	3	AH0001	502.576	502.676	걸	[]
53	89	4	AH0001	502.796	503.017	주는	[]
53	89	5	AH0001	503.077	503.137	게	[]
53	89	6	AH0001	503.177	503.557	아니라.	[59]
53	89	7	AH0001	504.037	504.197	먹을	[]
53	89	8	AH0001	504.317	504.397	걸	[]
53	89	9	AH0001	504.497	504.978	만들어내는	[]
53	89	10	AH0001	505.118	505.378	법을	[]
53	89	11	AH0001	505.418	506.078	가르친다.	[]
53	89	12	AH0001	506.098	506.659	이렇게	[60]
53	89	13	AH0001	506.879	507.299	이야기하는데	[]
53	89	14	AH0001	507.399	507.579	바로	[]
53	89	15	AH0001	507.659	507.739	그	[]
53	89	16	AH0001	507.799	508.26	정신을	[]
53	89	17	AH0001	508.72	509.28	유네스코는	[]
53	89	18	AH0001	509.4	509.7	창설	[]
53	89	19	AH0001	509.8	510.081	때부터	[]
53	89	20	AH0001	510.121	510.821	알았군요.	[]
54	90	1	AH0002	510.887	511.431	그렇죠	[]
54	90	2	AH0002	511.714	512.036	그래서	[]
55	91	1	AH0001	512.26	512.56	교육을	[]
55	91	2	AH0001	512.66	513.021	통해	[]
55	91	3	AH0001	513.401	513.721	그들	[]
55	91	4	AH0001	513.842	514.182	스스로	[]
55	91	5	AH0001	514.242	514.602	자립할	[]
55	91	6	AH0001	514.682	514.763	수	[]
55	91	7	AH0001	514.803	515.163	있도록	[]
55	91	8	AH0001	515.663	515.703	또	[]
55	91	9	AH0001	515.764	516.124	발전을	[]
55	91	10	AH0001	516.224	516.504	스스로	[]
55	91	11	AH0001	516.564	516.805	만들어	[]
55	91	12	AH0001	516.865	516.925	낼	[]
55	91	13	AH0001	517.005	517.065	수	[]
55	91	14	AH0001	517.105	517.385	있도록	[]
55	91	15	AH0001	517.605	517.826	그냥	[]
55	91	16	AH0001	517.926	518.066	먹을	[]
55	91	17	AH0001	518.186	518.446	거나	[]
55	91	18	AH0001	518.646	518.947	약품	[]
55	91	19	AH0001	519.027	519.167	주는	[]
55	91	20	AH0001	519.247	519.307	것	[]
55	91	21	AH0001	519.347	519.567	정도	[]
55	91	22	AH0001	519.587	519.748	갖고는	[]
55	91	23	AH0001	519.788	519.868	안	[]
55	91	24	AH0001	519.948	520.228	된다.	[]
55	91	25	AH0001	520.248	520.769	아	[61]
55	91	26	AH0001	521.269	521.489	그	[]
55	91	27	AH0001	521.549	522.21	정신이군요.	[]
56	92	1	AH0002	522.338	523.38	바로	[]
56	92	2	AH0002	523.4	523.42	그	[]
56	92	3	AH0002	523.62	524.061	교육을	[]
56	92	4	AH0002	524.221	524.863	통해서	[]
56	92	5	AH0002	525.143	526.526	깨달음이	[]
56	92	6	AH0002	526.586	527.087	있고	[]
56	92	7	AH0002	527.587	527.708	그	[]
56	92	8	AH0002	527.848	528.189	깨달음	[]
56	92	9	AH0002	528.309	528.83	하에서	[]
56	92	10	AH0002	529.03	529.551	스스로	[]
56	92	11	AH0002	530.132	530.753	일어서서	[]
56	93	1	AH0002	531.236	531.998	생존해	[]
56	93	2	AH0002	532.078	532.499	나가고.	[62]
56	93	3	AH0002	532.66	533.081	발전해	[]
56	93	4	AH0002	533.161	533.462	나가는	[]
56	93	5	AH0002	534.044	534.104	그	[]
56	93	6	AH0002	534.425	534.946	자립역량을	[]
56	93	7	AH0002	535.086	535.568	길러주는	[]
56	93	8	AH0002	535.708	536.189	데.	[63]
56	93	9	AH0002	536.249	536.47	핵심	[]
56	93	10	AH0002	536.53	536.771	있는	[]
56	93	11	AH0002	536.831	537.192	거죠.	[]
56	94	1	AH0002	537.252	537.553	그걸	[]
56	94	2	AH0002	538.074	538.555	우리가	[]
56	94	3	AH0002	538.796	539.197	가장	[]
56	94	4	AH0002	539.719	539.839	잘	[]
56	94	5	AH0002	539.919	540.4	실천한	[]
56	94	6	AH0002	540.581	540.801	성공	[]
56	94	7	AH0002	540.942	541.423	스토리죠.	[]
57	95	1	AH0001	541.423	542.224	우리나라뿐	[]
57	95	2	AH0001	542.244	542.605	아니라	[]
57	95	3	AH0001	542.765	543.046	많은	[]
57	95	4	AH0001	543.286	543.707	국가들이	[]
57	95	5	AH0001	543.787	544.088	그런	[]
57	95	6	AH0001	544.248	544.428	이런	[]
57	95	7	AH0001	544.509	544.869	교과서	[]
57	95	8	AH0001	544.949	545.651	지원이라든가	[]
57	95	9	AH0001	545.751	545.831	등	[]
57	95	10	AH0001	545.931	545.991	등	[]
57	95	11	AH0001	546.071	546.152	다	[]
57	95	12	AH0001	546.232	546.933	받았겠네요.	[]
58	96	1	AH0002	547.317	547.658	다른	[]
58	96	2	AH0002	547.738	548.58	나라도	[]
58	96	3	AH0002	548.72	548.82	좀	[]
58	96	4	AH0002	548.98	549.341	받았을	[]
58	96	5	AH0002	549.441	549.802	텐데요.	[64]
58	96	6	AH0002	550.343	550.524	우리가	[]
58	96	7	AH0002	550.564	550.764	인제	[]
58	96	8	AH0002	550.864	551.566	대표적인	[65]
58	96	9	AH0002	552.027	552.107	그런	[]
58	96	10	AH0002	552.247	552.708	사례라고	[]
58	96	11	AH0002	552.728	553.069	했습니다.	[]
58	96	12	AH0002	553.109	553.129	그	[]
58	96	13	AH0002	553.169	553.289	다른	[]
58	96	14	AH0002	553.41	554.292	나라들은	[]
58	97	1	AH0002	554.963	555.103	그렇게	[]
58	97	2	AH0002	555.164	555.344	인제	[]
58	97	3	AH0002	555.465	556.909	전쟁을	[]
58	97	4	AH0002	557.029	557.39	겪고	[]
58	97	5	AH0002	557.471	557.892	유네스코가	[]
58	97	6	AH0002	557.932	558.213	이제	[]
58	97	7	AH0002	558.674	559.296	인쇄공장을	[]
58	97	8	AH0002	559.396	559.898	세워주었다.	[]
58	97	9	AH0002	560.119	560.239	그런	[]
58	97	10	AH0002	560.319	560.5	얘기는	[]
58	97	11	AH0002	560.6	560.66	제가	[]
58	97	12	AH0002	560.7	560.74	못	[]
58	97	13	AH0002	560.941	561.583	들어봤거든요.	[]
59	98	1	AH0001	561.682	561.923	하긴	[]
59	98	2	AH0001	562.003	562.344	우리는	[]
59	98	3	AH0001	562.464	562.544	좀	[]
59	98	4	AH0001	562.645	563.006	특별한	[]
59	98	5	AH0001	563.166	563.647	전쟁이라는	[]
59	98	6	AH0001	563.707	563.768	걸	[]
59	98	7	AH0001	563.848	564.73	겪었으니까.	[66]
59	98	8	AH0001	564.951	565.613	긴급지원	[]
59	98	9	AH0001	565.733	565.813	같은	[]
59	98	10	AH0001	565.873	566.074	것이	[]
59	98	11	AH0001	566.174	566.936	필요하다.	[67]
59	98	12	AH0001	567.036	567.197	그런	[]
59	98	13	AH0001	567.518	567.598	뭐	[]
59	98	14	AH0001	567.718	567.818	좀	[]
59	98	15	AH0001	567.919	568.24	특별한	[]
59	98	16	AH0001	568.3	568.56	결의가	[]
59	98	17	AH0001	568.581	568.741	있을	[]
59	98	18	AH0001	568.801	568.841	수	[]
59	98	19	AH0001	568.881	569.503	있었겠군요.	[]
60	99	1	AH0002	569.606	569.826	네.	[]
60	99	2	AH0002	569.966	570.366	그렇죠.	[68]
60	99	3	AH0002	570.546	570.847	저희는	[]
60	99	4	AH0002	570.887	571.067	이제	[]
60	99	5	AH0002	571.187	571.487	전쟁	[]
60	99	6	AH0002	571.587	571.807	중에	[]
60	99	7	AH0002	571.847	571.987	이제	[]
60	99	8	AH0002	572.107	572.167	그	[]
60	99	9	AH0002	572.267	572.627	결의가	[69]
60	99	10	AH0002	572.947	573.348	으	[]
60	99	11	AH0002	573.408	573.828	있었고.	[]
60	99	12	AH0002	574.448	574.588	참	[]
60	99	13	AH0002	574.748	575.148	재미있는	[]
60	99	14	AH0002	575.248	575.428	게.	[]
60	99	15	AH0002	576.069	576.429	전쟁	[]
60	99	16	AH0002	576.609	576.889	중에	[]
60	99	17	AH0002	576.969	577.589	이제	[]
60	99	18	AH0002	577.93	578.27	한국을	[]
60	99	19	AH0002	578.37	579.11	지원하자는	[]
60	99	20	AH0002	579.51	579.97	논의가	[]
60	99	21	AH0002	580.09	580.391	유네스코	[]
60	99	22	AH0002	580.491	580.671	안에	[]
60	99	23	AH0002	580.731	581.091	있었고.	[]
60	100	1	AH0002	581.713	583.374	그때	[]
60	100	2	AH0002	583.474	583.814	식량을	[]
60	100	3	AH0002	583.894	584.234	지원해야	[]
60	100	4	AH0002	584.294	584.614	되겠다.	[]
60	100	5	AH0002	584.695	584.915	이런	[]
60	100	6	AH0002	585.015	585.515	얘기가	[]
60	100	7	AH0002	585.875	586.195	나왔을	[]
60	100	8	AH0002	586.295	586.495	법도	[]
60	100	9	AH0002	586.575	586.916	한데	[]
60	100	10	AH0002	587.176	587.276	예.	[]
60	100	11	AH0002	587.516	587.916	거기다가	[]
60	100	12	AH0002	588.136	588.837	인쇄공장을	[]
60	100	13	AH0002	588.917	589.497	세워가지고.	[70]
60	100	14	AH0002	590.357	590.738	교과서를	[]
60	100	15	AH0002	590.838	591.158	발간해	[]
60	100	16	AH0002	591.258	591.738	주자.	[71]
60	100	17	AH0002	591.878	592.058	이런	[]
60	100	18	AH0002	592.158	592.458	결의가	[]
60	100	19	AH0002	592.519	593.119	나왔으니까.	[]
61	101	1	AH0001	586.264	586.881	나왔는데.	[]
62	102	1	AH0002	593.517	593.777	그래서	[]
62	102	2	AH0002	593.837	594.498	천구백오십삼	[]
62	102	3	AH0002	594.598	594.879	년에	[]
62	102	4	AH0002	595.459	595.84	휴전이	[]
62	102	5	AH0002	595.92	596.3	되고.	[72]
62	102	6	AH0002	596.58	597.321	그다음	[]
62	102	7	AH0002	597.461	597.802	해에	[]
62	102	8	AH0002	598.262	599.344	교과서가	[]
62	102	9	AH0002	599.364	599.384	그	[]
62	102	10	AH0002	599.524	600.505	나왔으니까	[73]
62	102	11	AH0002	600.525	601.146	어	[]
62	102	12	AH0002	601.486	601.566	그	[]
62	102	13	AH0002	601.646	601.967	시간이	[]
62	102	14	AH0002	602.187	602.307	필요	[]
62	103	1	AH0002	602.411	602.952	준비하는	[]
62	103	2	AH0002	603.052	603.412	시간이	[]
62	103	3	AH0002	603.652	604.113	필요했다는	[]
62	103	4	AH0002	604.133	604.213	거를	[]
62	103	5	AH0002	604.353	604.533	생각을	[]
62	103	6	AH0002	604.634	605.014	하면은	[]
62	103	7	AH0002	605.755	606.195	유네스코가	[]
62	103	8	AH0002	606.255	606.356	참	[]
62	103	9	AH0002	606.456	606.856	대단한	[]
62	103	10	AH0002	606.976	607.277	결정을	[]
62	103	11	AH0002	607.377	607.637	했다고	[]
62	103	12	AH0002	607.717	608.218	생각이	[]
62	103	13	AH0002	608.418	608.478	됩니다.	[]
63	104	1	AH0001	608.508	608.829	그런	[]
63	104	2	AH0001	609.39	609.65	유엔	[]
63	104	3	AH0001	609.75	609.991	산하	[]
63	104	4	AH0001	610.111	610.472	기구에	[]
63	104	5	AH0001	610.592	610.933	도움을	[]
63	104	6	AH0001	611.053	611.794	받아서	[]
63	104	7	AH0001	612.315	612.756	책을	[]
63	104	8	AH0001	613.357	613.798	만들고	[]
63	104	9	AH0001	613.818	613.838	그	[]
63	104	10	AH0001	613.999	614.239	책으로	[]
63	104	11	AH0001	614.339	614.9	공부하던	[]
63	104	12	AH0001	615.001	615.542	사람들이	[]
63	104	13	AH0001	615.562	616.303	이제	[]
63	104	14	AH0001	616.403	616.624	유엔	[]
63	104	15	AH0001	616.744	617.465	사무총장까지	[]
63	104	16	AH0001	617.546	618.307	배출했습니다.	[]
63	105	1	AH0001	618.307	619.594	아마	[]
63	105	2	AH0001	619.654	619.855	이런	[]
63	105	3	AH0001	619.936	620.097	책으로	[]
63	105	4	AH0001	620.157	620.599	공부하셨을	[]
63	105	5	AH0001	620.639	620.78	거예요.	[]
64	106	1	AH0002	620.94	620.96	이	[]
64	106	2	AH0002	620.98	621.081	책을	[]
64	106	3	AH0002	621.362	621.583	제가	[]
64	106	4	AH0002	622.145	622.868	총장을	[]
64	106	5	AH0002	622.968	623.209	자주	[]
64	106	6	AH0002	623.29	623.35	뵙고.	[]
64	106	7	AH0002	623.551	623.732	지난	[]
64	106	8	AH0002	623.852	623.892	구	[]
64	106	9	AH0002	623.933	624.274	월에도	[]
64	106	10	AH0002	624.897	625.077	뵙고	[]
64	106	11	AH0002	625.117	625.961	왔는데요.	[74]
64	107	1	AH0002	627.575	629.199	사무총장이	[]
64	107	2	AH0002	629.34	630.041	처음	[]
64	107	3	AH0002	630.061	630.101	이제	[]
64	107	4	AH0002	630.242	630.663	유네스코	[]
64	107	5	AH0002	630.803	631.144	책을	[]
64	107	6	AH0002	631.445	631.726	접한	[]
64	107	7	AH0002	631.826	632.127	것이	[]
64	107	8	AH0002	632.488	633.31	천구백오십사	[]
64	107	9	AH0002	633.39	634.011	년이라고	[]
64	107	10	AH0002	634.052	634.292	말씀을	[]
64	107	11	AH0002	634.633	634.814	드리지	[]
64	107	12	AH0002	634.854	635.395	않았습니까.	[75]
64	108	1	AH0002	635.525	635.725	그때가	[]
64	108	2	AH0002	635.786	636.227	초등학교	[]
64	108	3	AH0002	636.768	636.848	사	[]
64	108	4	AH0002	636.888	637.549	학년이었다고	[]
64	108	5	AH0002	637.61	637.89	그래요.	[76]
64	108	6	AH0002	639.133	639.494	아마	[]
64	108	7	AH0002	639.774	640.636	대한민국에서	[]
64	108	8	AH0002	640.656	641.318	가장	[]
64	108	9	AH0002	641.538	642.801	유네스코하고	[]
64	108	10	AH0002	642.881	643.482	관련해서	[]
64	108	11	AH0002	643.603	643.963	감회가	[]
64	108	12	AH0002	644.044	644.264	깊은	[]
64	108	13	AH0002	644.364	644.545	분이	[]
64	109	1	AH0002	646.234	647.696	그래서	[]
64	109	2	AH0002	647.716	647.736	어	[]
64	109	3	AH0002	647.876	649.138	재작년에	[]
64	109	4	AH0002	649.318	649.398	이	[]
64	109	5	AH0002	649.498	649.679	책을	[]
64	109	6	AH0002	649.779	650.139	들고	[]
64	109	7	AH0002	651.281	651.361	반	[]
64	109	8	AH0002	651.441	651.861	총장이	[]
64	109	9	AH0002	651.962	652.222	직접	[]
64	109	10	AH0002	652.522	652.723	파리	[]
64	109	11	AH0002	652.783	653.203	유네스코	[]
64	109	12	AH0002	653.303	653.564	본부를	[]
64	109	13	AH0002	653.624	654.245	찾아갔어요.	[77]
64	110	1	AH0002	654.861	655.201	그래가지고	[]
64	110	2	AH0002	655.281	655.622	이리나	[]
64	110	3	AH0002	655.702	656.242	보코바	[]
64	110	4	AH0002	656.723	656.863	현	[]
64	110	5	AH0002	657.023	658.104	사무총장한테	[]
64	110	6	AH0002	658.565	658.645	이	[]
64	110	7	AH0002	658.745	658.945	책을	[]
64	110	8	AH0002	659.025	659.466	주면서.	[]
64	110	9	AH0002	659.486	659.526	내가	[78]
64	110	10	AH0002	659.826	659.906	이	[]
64	110	11	AH0002	659.986	660.167	책을	[]
64	110	12	AH0002	660.247	660.507	가지고	[]
64	110	13	AH0002	660.587	660.787	공부를	[]
64	110	14	AH0002	660.807	661.408	했다.	[]
64	111	1	AH0002	661.877	662.357	오늘날	[]
64	111	2	AH0002	662.458	663.178	대한민국은	[]
64	111	3	AH0002	663.318	664.159	유네스코에	[]
64	111	4	AH0002	664.299	664.5	교육	[]
64	111	5	AH0002	664.6	665.701	지원이	[]
64	111	6	AH0002	666.342	666.862	없었으면은	[79]
64	111	7	AH0002	667.242	667.503	불가능	[]
65	112	1	AH0001	668.244	669.105	자기	[]
65	112	2	AH0001	669.205	669.265	사	[]
65	112	3	AH0001	669.305	669.545	학년	[]
65	112	4	AH0001	669.706	670.046	때	[]
65	112	5	AH0001	670.907	671.367	공부하던	[]
65	112	6	AH0001	671.488	671.688	책을	[]
65	112	7	AH0001	672.389	672.709	지금까지	[]
65	112	8	AH0001	672.769	672.989	갖고	[]
65	112	9	AH0001	673.009	673.49	있었답니까?	[]
66	113	1	AH0002	674.135	674.495	그거는	[]
66	113	2	AH0002	674.575	674.696	잘	[]
66	113	3	AH0002	674.776	675.396	모르겠는데.	[]
66	113	4	AH0002	675.517	675.597	그	[]
66	113	5	AH0002	675.697	675.957	책을	[]
66	113	6	AH0002	676.317	676.658	좌우간	[]
66	113	7	AH0002	676.938	677.158	그	[]
66	113	8	AH0002	677.399	677.539	너덜	[]
66	113	9	AH0002	677.659	678.039	너덜한	[]
66	113	10	AH0002	678.199	678.26	그	[]
66	113	11	AH0002	678.4	678.76	책을	[]
66	113	12	AH0002	678.78	678.8	그	[80]
66	113	13	AH0002	679.941	680.562	구해가지고	[81]
66	113	14	AH0002	680.762	681.123	했는지	[]
66	113	15	AH0002	681.143	681.463	아니면	[]
66	113	16	AH0002	681.883	682.124	갖고	[]
66	113	17	AH0002	682.164	682.744	계셨는지	[]
66	113	18	AH0002	682.764	683.145	모르지만은.	[]
66	114	1	AH0002	683.354	683.634	그	[82]
66	114	2	AH0002	684.115	684.595	전달을	[]
66	114	3	AH0002	684.616	684.936	했고.	[]
66	114	4	AH0002	684.956	685.416	그게	[83]
66	114	5	AH0002	685.717	685.917	지금	[]
66	114	6	AH0002	686.278	686.658	유네스코	[]
66	114	7	AH0002	686.718	687.519	사무총장에	[]
66	114	8	AH0002	687.719	688.02	로비에	[]
66	114	9	AH0002	688.1	688.2	지금	[]
66	114	10	AH0002	688.3	688.68	전시가	[]
66	114	11	AH0002	688.76	688.821	돼	[]
66	114	12	AH0002	688.861	689.281	있어요.	[84]
66	114	13	AH0002	689.782	689.982	그게	[]
66	114	14	AH0002	690.202	690.523	케이스에	[]
66	114	15	AH0002	690.943	691.544	딱	[]
66	114	16	AH0002	691.964	691.984	그	[]
66	114	17	AH0002	692.104	692.145	돼	[]
66	114	18	AH0002	692.185	692.345	있어.	[]
67	115	1	AH0001	692.541	692.781	그건	[]
67	115	2	AH0001	692.942	693.363	유네스코	[]
67	115	3	AH0001	693.403	693.984	입장에서도	[]
67	115	4	AH0001	694.144	694.966	전시하고	[]
67	115	5	AH0001	695.146	696.85	할만하네요.	[]
67	115	6	AH0001	696.93	697.231	우리가	[]
67	115	7	AH0001	697.311	697.692	도와준	[]
67	115	8	AH0001	697.752	697.832	이	[]
67	115	9	AH0001	697.952	698.193	책으로	[]
67	115	10	AH0001	698.273	698.613	공부한	[]
67	115	11	AH0001	698.674	698.914	사람이	[]
67	115	12	AH0001	698.974	699.134	지금	[]
67	115	13	AH0001	699.235	699.455	유엔	[]
67	115	14	AH0001	699.495	700.798	사무총장입니다.	[85]
67	115	15	AH0001	700.858	701.139	자랑할만	[]
67	115	16	AH0001	701.299	701.399	하지	[]
67	115	17	AH0001	701.439	701.84	않습니까?	[]
68	116	1	AH0002	696.312	696.989	아유	[]
68	117	1	AH0002	701.914	701.974	아	[]
68	117	2	AH0002	702.174	702.234	그	[]
68	117	3	AH0002	702.334	702.595	왜	[]
68	117	4	AH0002	702.795	703.015	저는	[]
68	117	5	AH0002	703.395	703.496	벙커	[]
68	117	6	AH0002	703.576	704.376	사무총장하고.	[]
68	117	7	AH0002	704.897	704.957	그	[]
68	117	8	AH0002	705.017	705.217	얘기를	[]
68	117	9	AH0002	705.317	705.538	많이	[]
68	117	10	AH0002	705.818	706.258	했는데.	[86]
68	117	11	AH0002	706.379	707.039	자기들도	[]
68	117	12	AH0002	707.72	708.821	대한민국이	[]
68	117	13	AH0002	708.961	709.542	유네스코에	[]
68	117	14	AH0002	709.682	710.002	가장	[]
68	117	15	AH0002	710.122	711.123	성공사례다.	[87]
68	117	16	AH0002	711.143	711.624	이렇게	[]
68	117	17	AH0002	711.644	711.824	얘기를	[]
68	117	18	AH0002	711.844	712.044	하고	[]
68	117	19	AH0002	712.064	712.825	있습니다.	[88]
69	118	1	AH0001	713.5	713.66	교육	[]
69	118	2	AH0001	713.781	714.122	분야가	[]
69	118	3	AH0001	714.162	714.443	그렇게	[]
69	118	4	AH0001	714.683	714.703	큰	[]
69	118	5	AH0001	714.784	715.225	사업이고	[]
69	118	6	AH0001	715.245	716.168	그다음이	[90]
69	118	7	AH0001	716.268	716.508	과학	[]
69	118	8	AH0001	716.689	717.11	분야에서는	[]
69	118	9	AH0001	717.271	717.371	주로	[]
69	118	10	AH0001	717.411	717.612	어떤	[]
69	118	11	AH0001	717.652	717.772	일을	[]
69	118	12	AH0001	717.812	717.912	하는	[]
69	118	13	AH0001	717.993	718.273	겁니까	[]
69	118	14	AH0001	718.294	718.735	유네스코는?	[]
69	119	1	AH0001	719.411	719.754	역시	[]
69	119	2	AH0001	719.835	720.198	세계적인	[]
69	119	3	AH0001	720.36	720.865	과학교류	[]
69	119	4	AH0001	720.966	721.107	이런	[]
69	119	5	AH0001	721.127	721.147	거	[]
69	119	6	AH0001	721.168	721.854	하겠지요?	[]
70	120	1	AH0002	721.855	722.436	예	[]
70	120	2	AH0002	722.716	723.177	기본적으로	[]
70	120	3	AH0002	723.197	723.557	이제	[]
70	120	4	AH0002	723.797	723.918	과학	[]
70	120	5	AH0002	724.058	724.518	분야에	[]
70	120	6	AH0002	725.279	725.66	교류와	[]
70	120	7	AH0002	725.74	726.581	협력을	[]
70	120	8	AH0002	726.601	726.801	이제	[]
70	120	9	AH0002	726.921	727.482	주목적으로	[]
70	120	10	AH0002	727.502	727.983	하는데	[]
70	120	11	AH0002	728.343	728.523	우선	[]
70	120	12	AH0002	728.623	729.304	과학분야라는	[]
70	120	13	AH0002	729.404	729.865	게요.	[]
70	121	1	AH0002	730.354	730.614	언뜻	[]
70	121	2	AH0002	730.675	731.135	생각하면	[]
70	121	3	AH0002	731.236	731.456	우리	[]
70	121	4	AH0002	731.556	732.678	자연과학	[]
70	121	5	AH0002	732.698	732.738	이걸	[]
70	121	6	AH0002	733.279	733.419	저	[]
70	121	7	AH0002	733.64	734.201	상상하기가	[]
70	121	8	AH0002	734.301	734.742	쉬운데.	[91]
70	121	9	AH0002	736.284	736.585	과학	[]
70	121	10	AH0002	736.605	737.045	분야는	[]
70	121	11	AH0002	737.927	738.248	그	[]
70	121	12	AH0002	738.468	738.608	시	[]
70	121	13	AH0002	738.748	739.029	소설	[]
70	121	14	AH0002	739.089	739.45	같은	[]
70	121	15	AH0002	740.171	741.092	인문과학부터	[]
70	121	16	AH0002	741.173	741.453	시작해	[]
70	121	17	AH0002	741.473	741.774	가지고.	[]
71	122	1	AH0001	742.138	742.379	그것도	[]
71	122	2	AH0001	742.5	742.983	포함해요?	[]
72	123	1	AH0002	743.184	743.765	정치학	[]
72	123	2	AH0002	743.885	744.225	경제학	[]
72	123	3	AH0002	744.306	745.047	같은	[]
72	123	4	AH0002	745.187	745.648	사회과학	[]
72	123	5	AH0002	745.948	746.369	그다음에	[]
72	123	6	AH0002	746.849	747.811	우주항공	[]
72	123	7	AH0002	748.171	748.752	고	[]
72	123	8	AH0002	748.992	749.433	기후변화	[]
72	123	9	AH0002	749.493	749.673	이런	[]
72	124	1	AH0002	750.494	750.675	그	[]
72	124	2	AH0002	750.795	751.539	자연과학까지	[]
72	124	3	AH0002	751.579	751.961	이렇게	[]
72	124	4	AH0002	752.162	752.624	포괄적으로	[]
72	124	5	AH0002	752.705	753.006	다루기	[]
72	124	6	AH0002	753.086	753.428	때문에.	[92]
72	124	7	AH0002	753.508	753.81	이	[]
72	124	8	AH0002	753.89	754.192	범위는.	[]
72	125	1	AH0002	755.129	755.249	그냥	[]
72	125	2	AH0002	755.35	755.731	상상을	[]
72	125	3	AH0002	755.831	756.112	초월할	[]
72	125	4	AH0002	756.193	756.614	정도로	[]
72	125	5	AH0002	756.634	758.3	넓습니다	[]
72	125	6	AH0002	758.32	758.4	그러니까	[]
73	126	1	AH0001	758.4	758.5	금방	[]
73	126	2	AH0001	758.52	758.721	이제	[]
73	126	3	AH0001	758.781	758.982	감이	[]
73	126	4	AH0001	759.022	760.245	잡힙니다	[]
73	126	5	AH0001	760.305	760.767	전세계	[]
73	126	6	AH0001	760.827	761.408	학술교류?	[]
74	127	1	AH0002	762.15	763.994	학술교류뿐만	[]
74	127	2	AH0002	764.074	764.175	아니라	[]
74	127	3	AH0002	764.335	765.257	학술적인	[]
74	127	4	AH0002	765.397	765.959	차원뿐만	[]
74	127	5	AH0002	766.019	766.279	아니라	[]
74	128	1	AH0002	766.914	767.034	그	[]
74	128	2	AH0002	767.475	767.655	저	[]
74	128	3	AH0002	767.876	769.198	지능까지도	[]
74	128	4	AH0002	769.338	769.719	전부	[93]
74	128	5	AH0002	769.819	771.001	관하고.	[]
74	128	6	AH0002	771.462	772.404	국제	[]
74	128	7	AH0002	772.504	772.685	간에	[]
75	129	1	AH0001	771.09	771.296	학술	[]
76	130	1	AH0002	773.32	773.54	어떤	[]
76	130	2	AH0002	773.681	774.001	교류와	[]
76	130	3	AH0002	774.061	774.562	협력까지	[]
76	130	4	AH0002	774.603	774.903	이렇게	[]
76	130	5	AH0002	774.983	775.324	다루기	[]
76	130	6	AH0002	775.364	776.146	때문에	[]
76	130	7	AH0002	776.206	776.967	그러니까	[]
76	130	8	AH0002	777.228	777.568	내년에	[]
76	130	9	AH0002	777.629	778.11	이제	[]
76	130	10	AH0002	778.29	778.691	대구에서	[]
76	130	11	AH0002	778.791	778.991	세계	[]
76	130	12	AH0002	779.091	780.935	물포럼	[]
76	130	13	AH0002	781.035	781.156	그	[]
76	130	14	AH0002	781.316	781.556	회의가	[]
76	130	15	AH0002	781.637	782.218	열렸는데	[]
76	130	16	AH0002	782.358	782.518	그런	[]
76	130	17	AH0002	782.618	782.939	분야도	[]
76	130	18	AH0002	782.959	782.999	이제	[]
76	130	19	AH0002	783.019	783.2	관여를	[]
76	130	20	AH0002	783.34	783.38	하고	[]
76	131	1	AH0002	783.754	784.094	관여를	[]
76	131	2	AH0002	784.154	784.395	하고	[]
76	131	3	AH0002	784.495	784.675	지금	[]
76	131	4	AH0002	784.715	784.895	이제	[]
76	131	5	AH0002	784.975	785.295	화두가	[]
76	131	6	AH0002	785.375	785.556	되고	[]
76	131	7	AH0002	785.616	785.936	있는	[]
76	131	8	AH0002	786.396	786.917	기후변화	[94]
76	131	9	AH0002	787.277	787.637	문제.	[]
76	131	10	AH0002	788.098	789.058	환경문제.	[95]
76	131	11	AH0002	789.179	790.099	생태.	[]
76	131	12	AH0002	790.179	790.98	우주문제.	[]
76	131	13	AH0002	791.04	791.32	이런	[]
76	131	14	AH0002	791.881	792.101	모든	[]
76	131	15	AH0002	792.201	792.642	문제를	[]
76	131	16	AH0002	792.722	793.162	사실	[]
76	131	17	AH0002	793.582	793.682	다	[]
76	131	18	AH0002	793.762	794.223	다루는데.	[]
76	132	1	AH0002	794.908	795.209	그	[]
76	132	2	AH0002	795.469	795.75	분야	[]
76	132	3	AH0002	795.95	796.071	그	[]
76	132	4	AH0002	796.191	796.432	세부	[]
76	132	5	AH0002	796.512	796.712	분야	[]
76	132	6	AH0002	796.792	797.233	중에서	[]
76	132	7	AH0002	797.354	797.454	꼭	[]
76	132	8	AH0002	797.795	798.156	요것만	[]
76	132	9	AH0002	798.196	798.496	한다	[]
76	132	10	AH0002	798.536	798.797	이렇게	[]
76	132	11	AH0002	798.837	798.877	할	[]
76	132	12	AH0002	798.998	799.198	수가	[]
76	132	13	AH0002	799.218	799.258	없죠.	[96]
76	132	14	AH0002	799.599	800.421	그니까	[]
76	132	15	AH0002	800.922	801.223	워낙에	[]
76	132	16	AH0002	801.303	801.503	많은	[]
76	132	17	AH0002	801.584	801.884	분야를	[]
76	132	18	AH0002	801.904	802.145	이렇게	[]
76	132	19	AH0002	802.225	802.506	다루기	[]
76	132	20	AH0002	802.606	802.887	때문에.	[]
77	133	1	AH0001	803.092	803.233	정말	[]
77	133	2	AH0001	803.334	804.161	포괄적입니다.	[]
78	134	1	AH0002	804.335	804.457	예	[]
78	134	2	AH0002	804.559	805.476	그렇습니다.	[]
79	135	1	AH0001	805.495	805.736	문화	[]
79	135	2	AH0001	805.817	806.158	분야도	[]
79	135	3	AH0001	806.199	806.46	역시	[]
79	135	4	AH0001	806.561	807.224	마찬가지겠죠	[]
79	135	5	AH0001	807.626	807.948	모든	[]
79	135	6	AH0001	808.048	808.33	문화	[]
79	135	7	AH0001	808.37	808.531	장르?	[]
80	136	1	AH0002	808.616	809.136	모든	[]
80	136	2	AH0002	809.236	810.517	문화.	[97]
80	136	3	AH0002	810.697	810.918	요즘	[]
80	136	4	AH0002	811.038	811.758	문화도	[]
80	136	5	AH0002	812.358	812.879	역시	[]
80	136	6	AH0002	812.999	813.279	소프트	[]
80	136	7	AH0002	813.419	813.919	파워에	[]
80	136	8	AH0002	813.98	814.36	그거	[98]
80	136	9	AH0002	814.88	815.34	하나고.	[]
80	136	10	AH0002	815.44	815.701	그러니까	[]
80	136	11	AH0002	815.781	816.041	근데	[99]
80	136	12	AH0002	816.681	816.721	이제.	[]
80	137	1	AH0002	818.012	818.112	그	[]
80	137	2	AH0002	818.192	818.313	전	[]
80	137	3	AH0002	818.393	818.874	세계적으로	[]
80	137	4	AH0002	818.894	819.075	이제	[]
80	137	5	AH0002	819.516	819.897	저	[]
80	137	6	AH0002	820.538	820.899	아무래도	[]
80	137	7	AH0002	820.939	821.2	이제	[]
80	137	8	AH0002	821.42	821.761	관심을	[]
80	137	9	AH0002	821.982	822.222	끌고	[]
80	137	10	AH0002	822.263	822.483	있는	[]
80	137	11	AH0002	822.563	822.824	것이	[]
80	137	12	AH0002	822.844	822.864	이	[]
80	137	13	AH0002	823.927	824.508	유산이죠.	[]
80	137	14	AH0002	824.689	825.19	유네스코.	[]
80	138	1	AH0002	825.966	826.106	에	[]
80	138	2	AH0002	826.267	826.347	저	[]
80	138	3	AH0002	826.468	827.13	문화유산이라고	[]
80	138	4	AH0002	827.17	828.033	말씀하셨는데	[]
80	138	5	AH0002	828.615	828.896	그거는	[]
80	138	6	AH0002	828.936	829.096	이제	[]
80	138	7	AH0002	829.176	829.518	정확한	[]
80	138	8	AH0002	829.598	829.939	표현은	[]
80	138	9	AH0002	829.959	830.561	아니고요.	[]
80	139	1	AH0002	830.716	831.54	그	[]
80	139	2	AH0002	831.64	832.102	유네스코가	[]
80	139	3	AH0002	832.182	832.504	다루고	[]
80	139	4	AH0002	832.544	832.745	있는	[]
80	139	5	AH0002	832.825	833.167	것이	[]
80	139	6	AH0002	833.448	833.749	세계에	[]
80	139	7	AH0002	833.87	834.513	카테고리라고	[]
80	139	8	AH0002	834.593	834.894	생각할	[]
80	139	9	AH0002	834.975	835.015	수	[]
80	139	10	AH0002	835.035	835.296	있습니다.	[]
80	140	1	AH0002	835.322	835.923	유산을	[]
80	140	2	AH0002	835.983	836.123	할	[]
80	140	3	AH0002	836.283	836.523	때.	[100]
80	140	4	AH0002	837.004	837.504	첫째는	[]
80	140	5	AH0002	837.945	838.505	세계유산	[101]
80	140	6	AH0002	839.226	839.666	그중에	[]
80	140	7	AH0002	839.927	840.567	문화유산이	[]
80	140	8	AH0002	840.587	840.868	있고.	[102]
80	140	9	AH0002	841.108	841.648	자연유산	[]
80	140	10	AH0002	841.668	842.229	있습니다.	[]
80	141	1	AH0002	842.255	843.678	세계문화유산	[]
80	141	2	AH0002	843.858	844.8	세계자연유산	[103]
80	141	3	AH0002	845.381	845.661	그러니까	[]
80	141	4	AH0002	846.062	847.124	제주동굴이라든지	[]
80	141	5	AH0002	847.164	847.304	이런	[]
80	141	6	AH0002	847.384	847.565	거는	[]
80	141	7	AH0002	847.625	847.845	이제	[]
80	141	8	AH0002	847.945	848.907	자연유산이지마는	[]
81	142	1	AH0001	842.31	842.699	자연	[]
81	142	2	AH0001	842.781	842.945	유산.	[]
81	143	1	AH0001	847.915	848.341	자연유산.	[]
82	144	1	AH0002	849.671	849.972	그	[]
82	144	2	AH0002	850.373	850.553	우리	[]
82	144	3	AH0002	850.593	850.954	이제	[]
82	144	4	AH0002	851.154	851.435	최근에	[]
82	144	5	AH0002	851.455	851.736	이제	[]
82	144	6	AH0002	851.876	852.297	등재된	[]
82	144	7	AH0002	852.377	853.059	남한산성이나	[]
82	144	8	AH0002	853.239	853.379	이런	[]
82	144	9	AH0002	853.46	853.7	거는	[]
82	144	10	AH0002	853.921	854.021	이제	[]
82	144	11	AH0002	854.121	854.923	문화유산이고요.	[104]
82	145	1	AH0002	855.153	855.353	그	[]
82	145	2	AH0002	855.453	855.693	열한	[]
82	145	3	AH0002	855.794	856.094	개가	[]
82	145	4	AH0002	856.314	856.534	우리는	[]
82	145	5	AH0002	857.075	857.435	등재가	[]
82	145	6	AH0002	857.495	857.555	돼	[]
82	145	7	AH0002	857.595	857.895	있고	[]
82	145	8	AH0002	858.416	858.676	그다음에	[]
82	145	9	AH0002	858.736	858.796	두	[]
82	145	10	AH0002	858.856	859.657	번째가	[]
82	145	11	AH0002	861.258	861.598	무형	[]
82	145	12	AH0002	861.738	862.619	문화유산입니다.	[]
82	146	1	AH0002	862.619	863.219	아리랑	[]
82	146	2	AH0002	863.32	863.54	같은	[]
82	146	3	AH0002	863.56	863.58	거	[]
82	146	4	AH0002	863.62	864.14	있잖아요.	[105]
82	146	5	AH0002	864.16	864.741	어	[]
82	146	6	AH0002	865.081	865.301	이번에	[]
82	146	7	AH0002	865.321	865.621	인제	[]
82	146	8	AH0002	865.821	866.262	곧	[]
82	146	9	AH0002	866.402	867.383	농악이	[]
82	146	10	AH0002	867.423	867.803	이제	[]
82	146	11	AH0002	868.483	868.824	등재가	[]
82	146	12	AH0002	868.884	869.444	됐는데	[106]
82	146	13	AH0002	869.464	870.085	그것도	[]
82	146	14	AH0002	870.245	871.806	무형문화유산이고요.	[]
82	147	1	AH0002	871.806	872.128	그리고	[]
82	147	2	AH0002	872.228	872.449	세계	[]
82	147	3	AH0002	872.59	873.213	기록유산이	[]
82	147	4	AH0002	873.233	873.916	있습니다.	[]
82	147	5	AH0002	873.977	874.579	난중일기	[]
82	147	6	AH0002	874.62	874.821	같은	[]
82	147	7	AH0002	874.901	875.062	거	[107]
82	147	8	AH0002	875.524	875.846	있잖아요.	[]
82	147	9	AH0002	875.946	876.248	그런	[]
82	147	10	AH0002	876.288	876.308	거.	[]
83	148	1	AH0001	873.331	873.839	기록유산.	[]
84	149	1	AH0002	876.348	876.79	그러니까	[]
84	149	2	AH0002	876.83	876.931	그거	[]
84	149	3	AH0002	876.991	877.252	전부	[]
84	149	4	AH0002	877.313	877.674	합쳐서	[]
84	149	5	AH0002	877.735	878.056	저희가	[]
84	149	6	AH0002	878.177	878.619	서른여덟	[]
84	149	7	AH0002	878.719	878.8	개	[]
84	149	8	AH0002	878.86	879.141	정도	[]
84	149	9	AH0002	879.161	879.845	등재가	[108]
84	149	10	AH0002	880.146	880.729	됐어요.	[]
85	150	1	AH0001	881.348	881.851	서른여덟	[]
85	150	2	AH0001	881.971	882.092	개.	[109]
85	150	3	AH0001	882.212	882.353	그럼	[]
85	150	4	AH0001	882.594	882.715	전	[]
85	150	5	AH0001	882.775	883.217	세계적으로	[]
85	150	6	AH0001	883.258	883.479	우리가	[]
85	150	7	AH0001	883.559	883.76	많이	[]
85	150	8	AH0001	883.84	884.403	등재된	[]
85	150	9	AH0001	884.484	884.644	거예요	[]
85	150	10	AH0001	884.665	885.428	어떻게	[]
85	150	11	AH0001	885.448	885.469	된	[]
85	150	12	AH0001	885.489	885.549	거예요?	[]
86	151	1	AH0002	885.617	886.078	비교적	[]
86	151	2	AH0002	886.158	886.599	기재	[]
86	151	3	AH0002	887.02	887.1	좀	[]
86	151	4	AH0002	887.2	887.561	많이	[]
86	151	5	AH0002	887.841	888.122	됐죠.	[]
86	151	6	AH0002	888.262	888.763	중국이나	[]
86	151	7	AH0002	888.823	889.003	이런	[]
86	151	8	AH0002	889.104	889.945	나라들은	[]
86	151	9	AH0002	890.085	890.165	뭐	[]
86	151	10	AH0002	890.406	891.247	워낙에	[]
86	151	11	AH0002	891.268	891.588	이제	[]
86	151	12	AH0002	891.949	892.69	크고	[]
86	151	13	AH0002	892.891	892.991	뭐	[]
86	151	14	AH0002	893.091	893.612	많으니까	[]
86	151	15	AH0002	893.632	893.832	이제	[110]
86	151	16	AH0002	893.892	894.073	많이	[]
86	151	17	AH0002	894.153	894.734	됐구요.	[]
86	152	1	AH0002	894.734	895.154	일본도	[]
86	152	2	AH0002	895.234	895.314	좀	[]
86	152	3	AH0002	895.414	895.575	많이	[]
86	152	4	AH0002	895.655	895.855	된	[]
86	152	5	AH0002	896.075	896.635	편이지만은	[]
86	152	6	AH0002	897.036	897.736	상대적으로	[]
86	152	7	AH0002	897.836	897.916	우리는	[]
86	152	8	AH0002	897.936	898.437	그래도	[]
86	152	9	AH0002	898.537	898.757	많이	[]
86	152	10	AH0002	898.857	899.097	된	[]
86	152	11	AH0002	899.337	899.698	셈이고	[111]
86	152	12	AH0002	900.058	900.338	우리가	[]
86	152	13	AH0002	900.959	901.559	그쪽	[]
86	152	14	AH0002	901.719	902.059	면에	[]
86	152	15	AH0002	902.239	902.7	전문가도	[]
86	152	16	AH0002	902.78	902.96	많고	[]
86	153	1	AH0002	904.361	904.602	또	[]
86	153	2	AH0002	904.722	905.063	경험도	[]
86	153	3	AH0002	905.123	905.364	굉장히	[]
86	153	4	AH0002	905.444	906.066	많아가지고요.	[]
86	153	5	AH0002	906.166	906.607	이제는	[112]
86	153	6	AH0002	907.229	907.429	우리	[]
86	153	7	AH0002	907.53	908.192	문화유산을	[]
86	153	8	AH0002	908.212	908.412	이제	[]
86	153	9	AH0002	908.512	909.194	등재하는데	[]
86	153	10	AH0002	909.275	909.595	그치지	[]
86	153	11	AH0002	909.636	909.916	않고	[]
86	154	1	AH0002	910.628	910.888	어	[]
86	154	2	AH0002	911.049	911.649	전세계	[]
86	154	3	AH0002	912.09	912.691	저개발국	[]
86	154	4	AH0002	912.991	913.492	문화유산을	[]
86	154	5	AH0002	913.552	913.793	갖고	[]
86	154	6	AH0002	913.813	914.213	있는데	[]
86	154	7	AH0002	914.313	914.694	재원도	[]
86	154	8	AH0002	914.794	915.355	부족하고	[113]
86	154	9	AH0002	915.815	916.196	경험이나	[]
86	154	10	AH0002	916.336	916.837	기술도	[]
86	154	11	AH0002	916.917	917.318	부족한	[]
86	154	12	AH0002	917.398	917.598	이런	[]
86	154	13	AH0002	917.698	918.599	나라들에게	[]
86	155	1	AH0002	919.0	919.803	어떻게	[114]
86	155	2	AH0002	919.823	919.963	하면	[]
86	155	3	AH0002	920.043	920.224	여기에	[]
86	155	4	AH0002	920.585	920.946	등재를	[]
86	155	5	AH0002	921.007	921.087	할	[]
86	155	6	AH0002	921.167	921.227	수	[]
86	155	7	AH0002	921.268	921.689	있는지	[]
86	155	8	AH0002	921.85	922.171	실제로	[]
86	155	9	AH0002	922.251	922.732	거가지고	[]
86	155	10	AH0002	923.415	923.515	예.	[]
86	155	11	AH0002	923.615	924.398	도와줍니다.	[]
87	156	1	AH0001	922.86	923.021	도와줘요?	[]
87	156	2	AH0001	923.082	923.102	어.	[]
88	157	1	AH0002	924.398	924.518	그리고	[]
88	157	2	AH0002	924.638	925.098	굉장히	[]
88	157	3	AH0002	925.138	925.419	인기를	[]
88	157	4	AH0002	925.519	925.739	끌고	[]
88	157	5	AH0002	925.759	926.639	있어요.	[115]
88	157	6	AH0002	926.78	927.48	아주.	[]
88	157	7	AH0002	927.5	928.701	그리고	[]
88	157	8	AH0002	928.721	928.741	어	[]
88	157	9	AH0002	929.001	929.121	그	[]
88	157	10	AH0002	929.201	929.421	다른	[]
88	157	11	AH0002	929.501	930.882	나라에는	[]
88	157	12	AH0002	931.002	931.362	북한도	[]
88	157	13	AH0002	931.463	931.723	포함이	[]
88	157	14	AH0002	931.803	932.203	되죠.	[116]
88	158	1	AH0002	933.064	933.305	고구려	[]
88	158	2	AH0002	933.525	935.029	고분벽화를	[117]
88	158	3	AH0002	935.991	936.974	문화유산으로	[]
88	158	4	AH0002	936.994	937.375	등재하는데	[]
88	158	5	AH0002	937.475	937.776	저희가	[]
88	158	6	AH0002	938.277	938.498	힘을	[]
88	158	7	AH0002	938.538	938.718	많이	[]
88	158	8	AH0002	938.778	939.841	보태줬습니다.	[]
89	159	1	AH0001	939.279	939.299	음.	[]
89	160	1	AH0001	939.994	940.615	물론	[]
89	160	2	AH0001	940.735	940.875	뭐	[]
89	160	3	AH0001	941.036	941.116	좀	[]
89	160	4	AH0001	941.136	941.316	이렇게	[]
89	160	5	AH0001	941.416	941.737	순위가	[]
89	160	6	AH0001	941.777	942.318	있겠지만	[118]
89	160	7	AH0001	942.478	942.818	우리	[]
89	160	8	AH0001	942.899	943.54	시청자분들하고	[]
89	160	9	AH0001	943.62	943.76	저는	[]
89	160	10	AH0001	943.78	943.96	그냥	[]
89	160	11	AH0001	944.04	944.341	쉽게	[]
89	160	12	AH0001	944.441	945.042	기억하면	[119]
89	160	13	AH0001	945.583	946.164	문화유산	[]
89	160	14	AH0001	946.364	947.005	자연유산	[]
89	160	15	AH0001	947.726	947.886	무형	[]
89	160	16	AH0001	948.007	948.527	문화유산	[]
89	160	17	AH0001	948.848	949.789	기록유산	[120]
89	160	18	AH0001	950.09	950.571	등등등등이	[]
89	160	19	AH0001	950.611	950.911	있는데	[]
89	161	1	AH0001	951.452	951.713	우리는	[]
89	161	2	AH0001	951.833	952.114	거기에	[]
89	161	3	AH0001	952.134	952.154	한	[]
89	161	4	AH0001	952.234	952.595	서른여덟	[]
89	161	5	AH0001	952.675	952.936	가지가	[]
89	161	6	AH0001	952.976	953.076	이미	[]
89	161	7	AH0001	953.136	954.299	등록됐다.	[121]
89	161	8	AH0001	954.419	954.66	그리고	[]
89	161	9	AH0001	954.74	955.061	그렇게	[]
89	161	10	AH0001	955.181	955.382	우리가	[]
89	161	11	AH0001	955.462	955.823	등재된	[]
89	161	12	AH0001	955.903	956.164	경험을	[]
89	161	13	AH0001	956.224	956.745	바탕으로	[]
89	161	14	AH0001	957.106	957.266	다른	[]
89	161	15	AH0001	957.347	957.547	나라들	[]
89	161	16	AH0001	957.667	958.129	등재도	[]
89	161	17	AH0001	958.209	959.111	도와준다.	[122]
89	162	1	AH0001	959.351	959.411	이	[]
89	162	2	AH0001	959.451	959.751	정도로	[]
89	162	3	AH0001	959.831	960.052	문화	[]
89	162	4	AH0001	960.172	961.032	정리하구요.	[123]
89	162	5	AH0001	961.453	961.513	자.	[]
89	162	6	AH0001	961.533	961.693	이제	[]
89	162	7	AH0001	961.773	962.293	본격적으로	[]
89	162	8	AH0001	962.754	963.394	도움받던	[]
89	162	9	AH0001	963.494	963.894	나라에서	[]
89	162	10	AH0001	963.975	964.135	도움	[]
89	162	11	AH0001	964.295	964.535	주는	[]
89	162	12	AH0001	964.615	964.875	나라로	[]
89	162	13	AH0001	964.935	965.256	바뀐	[]
89	162	14	AH0001	965.516	965.596	일	[]
89	162	15	AH0001	965.656	965.856	호가	[]
89	162	16	AH0001	965.896	966.356	우리나라다.	[124]
89	162	17	AH0001	966.677	966.857	제가	[]
89	162	18	AH0001	966.897	966.937	오늘	[]
89	162	19	AH0001	966.997	967.417	시작하면서	[]
89	162	20	AH0001	967.457	967.657	말씀을	[]
89	162	21	AH0001	967.757	968.458	드렸어요.	[125]
89	163	1	AH0001	968.459	968.761	주로	[]
89	163	2	AH0001	968.862	969.083	해외	[]
89	163	3	AH0001	969.164	969.526	도와주는	[]
89	163	4	AH0001	969.607	969.687	것	[]
89	163	5	AH0001	969.748	970.11	중에서도	[]
89	163	6	AH0001	970.151	970.332	우리는	[]
89	163	7	AH0001	970.433	970.654	교육이	[]
89	163	8	AH0001	970.735	970.856	제일	[]
89	163	9	AH0001	970.936	971.359	많나요?	[]
90	164	1	AH0002	971.359	971.723	네	[]
90	164	2	AH0002	971.744	972.168	제일	[]
90	164	3	AH0002	972.249	972.897	많습니다.	[]
91	165	1	AH0001	972.897	973.198	어떤	[]
91	165	2	AH0001	973.258	973.479	어떤	[]
91	165	3	AH0001	973.579	974.181	도움사업을	[]
91	165	4	AH0001	974.261	974.421	하고	[]
91	165	5	AH0001	974.461	975.043	있습니까?	[]
92	166	1	AH0002	975.043	975.424	지금	[]
92	166	2	AH0002	975.545	975.846	저희가	[]
92	166	3	AH0002	975.926	976.89	유네스코	[]
92	166	4	AH0002	977.031	977.171	희망	[]
92	166	5	AH0002	977.372	978.055	브릿지라는	[]
92	166	6	AH0002	978.376	978.557	그런	[]
92	166	7	AH0002	978.798	979.3	프로젝트를	[]
92	166	8	AH0002	979.36	979.52	하고	[]
92	166	9	AH0002	979.561	979.882	있는데	[]
93	167	1	AH0001	979.937	980.723	희망브릿지.	[]
94	168	1	AH0002	980.973	981.294	예.	[]
94	168	2	AH0002	981.814	982.696	희망이란	[]
94	168	3	AH0002	982.916	983.577	브릿지라는	[]
94	168	4	AH0002	983.617	983.778	거는	[]
94	168	5	AH0002	983.798	985.2	그	[]
94	168	6	AH0002	985.42	986.142	절망에	[]
94	168	7	AH0002	986.382	986.662	상황	[]
94	168	8	AH0002	986.803	988.265	시기로부터	[]
94	168	9	AH0002	988.425	988.726	희망	[]
94	168	10	AH0002	989.547	990.569	꿈에	[]
94	168	11	AH0002	990.789	990.829	그	[]
94	168	12	AH0002	992.031	992.232	시기	[]
95	169	1	AH0001	981.379	981.4	예.	[]
95	170	1	AH0001	992.372	993.186	넘어가는	[]
95	170	2	AH0001	993.247	993.41	다리	[]
96	171	1	AH0002	993.552	993.994	넘어가는	[]
96	171	2	AH0002	994.094	994.195	그	[]
96	171	3	AH0002	994.275	994.476	다리	[]
96	171	4	AH0002	994.496	995.159	역할을	[126]
96	171	5	AH0002	995.38	995.801	해주겠다	[]
96	171	6	AH0002	995.862	995.962	하는	[]
96	171	7	AH0002	996.062	996.364	건데	[]
96	171	8	AH0002	996.504	996.745	그걸	[]
96	171	9	AH0002	996.886	997.127	교육을	[]
96	171	10	AH0002	997.227	997.509	통해서	[]
96	171	11	AH0002	997.549	997.83	한다는	[127]
96	171	12	AH0002	998.171	998.252	거죠.	[]
96	171	13	AH0002	998.312	998.372	그래서	[]
96	172	1	AH0002	998.908	999.108	지금	[]
96	172	2	AH0002	999.188	999.649	현재는	[]
96	172	3	AH0002	999.789	1000.971	아프리카에	[]
96	172	4	AH0002	1001.552	1001.813	그	[]
96	172	5	AH0002	1001.833	1003.355	사하라	[]
96	172	6	AH0002	1003.515	1003.996	이남	[]
96	172	7	AH0002	1004.257	1004.617	지역에	[]
96	172	8	AH0002	1004.677	1005.058	인제	[]
96	172	9	AH0002	1005.238	1005.418	여섯	[]
96	172	10	AH0002	1005.478	1005.539	개	[]
96	172	11	AH0002	1005.639	1006.941	나라들이	[128]
96	172	12	AH0002	1007.201	1007.422	지금	[]
96	172	13	AH0002	1007.762	1008.944	문예율이	[]
96	172	14	AH0002	1009.084	1009.305	가장	[]
96	172	15	AH0002	1009.365	1009.865	낮습니다.	[]
96	172	16	AH0002	1010.306	1010.607	에	[]
96	172	17	AH0002	1010.807	1011.188	소득도	[]
96	172	18	AH0002	1011.268	1011.308	낮고.	[]
97	173	1	AH0001	1011.468	1012.397	문맹자가	[]
97	173	2	AH0001	1012.458	1012.7	그만큼	[]
98	174	1	AH0002	1012.7	1013.462	문맹자가	[]
98	174	2	AH0002	1013.542	1013.782	인제	[]
98	174	3	AH0002	1013.943	1014.143	제일	[]
98	174	4	AH0002	1014.384	1014.744	세계에서	[]
98	174	5	AH0002	1014.825	1014.945	제일	[]
98	174	6	AH0002	1015.045	1015.225	많은	[]
98	174	7	AH0002	1015.326	1015.747	지역인데요.	[]
98	174	8	AH0002	1015.827	1016.107	그	[129]
98	174	9	AH0002	1016.548	1017.049	레소토	[]
98	174	10	AH0002	1017.21	1017.671	말라위	[]
98	174	11	AH0002	1017.831	1018.613	르완다	[]
98	174	12	AH0002	1018.833	1019.294	잠비아	[]
98	174	13	AH0002	1019.415	1019.996	짐바브웨	[]
98	174	14	AH0002	1020.116	1020.577	남아공	[]
98	174	15	AH0002	1020.777	1021.72	이런	[130]
98	174	16	AH0002	1021.78	1022.201	나라들이고요.	[]
99	175	1	AH0001	1012.75	1012.891	많다는	[]
99	175	2	AH0001	1012.912	1012.972	거죠?	[]
99	175	3	AH0001	1013.033	1013.053	음.	[]
99	176	1	AH0001	1022.401	1022.722	이름만	[]
99	176	2	AH0001	1022.822	1023.043	들어도	[]
99	176	3	AH0001	1023.123	1023.244	막	[]
99	176	4	AH0001	1023.464	1023.825	내전	[]
99	176	5	AH0001	1023.905	1024.587	생각나고	[]
99	176	6	AH0001	1024.608	1025.33	그런	[]
99	176	7	AH0001	1025.43	1026.152	나라들이네요.	[]
99	176	8	AH0001	1026.333	1026.353	어.	[]
100	177	1	AH0002	1027.128	1027.308	뭐	[]
100	177	2	AH0002	1027.408	1028.129	국민소득이	[]
100	177	3	AH0002	1028.189	1028.249	일	[]
100	177	4	AH0002	1028.309	1028.71	인당	[]
100	177	5	AH0002	1028.83	1029.591	뭐	[]
100	177	6	AH0002	1029.871	1030.132	육백	[]
100	177	7	AH0002	1030.252	1030.312	불	[]
100	177	8	AH0002	1030.412	1030.632	칠백	[]
100	177	9	AH0002	1030.712	1030.772	불	[]
100	177	10	AH0002	1030.812	1031.033	정도	[]
100	177	11	AH0002	1031.073	1031.173	밖에	[131]
100	177	12	AH0002	1031.253	1031.413	안	[]
100	177	13	AH0002	1031.633	1031.954	된다고	[]
100	177	14	AH0002	1032.034	1032.735	그랬으니까	[132]
100	178	1	AH0002	1033.826	1034.206	그래도	[]
100	178	2	AH0002	1034.967	1035.187	우리	[]
100	178	3	AH0002	1035.287	1035.547	육이오	[]
100	178	4	AH0002	1035.727	1036.048	때	[]
100	178	5	AH0002	1036.268	1036.528	육이오	[]
100	178	6	AH0002	1036.608	1036.908	지나고	[]
100	178	7	AH0002	1036.988	1037.389	나서	[]
100	178	8	AH0002	1038.289	1038.63	그때	[]
100	178	9	AH0002	1038.73	1038.83	그	[]
100	178	10	AH0002	1038.93	1039.61	가난했던	[]
100	178	11	AH0002	1039.63	1039.65	것	[133]
100	178	12	AH0002	1040.191	1040.451	보다는	[]
100	178	13	AH0002	1040.631	1040.731	좀	[]
100	178	14	AH0002	1040.831	1041.111	낫죠.	[]
100	178	15	AH0002	1041.191	1041.572	우리는	[]
100	178	16	AH0002	1041.592	1041.612	그	[]
100	178	17	AH0002	1041.892	1042.252	당시에	[]
100	178	18	AH0002	1042.352	1042.532	일	[]
100	178	19	AH0002	1042.572	1042.632	인당	[]
100	178	20	AH0002	1042.713	1043.233	국민소득이	[]
101	179	1	AH0001	1043.493	1043.758	몇십	[]
101	179	2	AH0001	1043.859	1044.572	불이었잖아요?	[]
102	180	1	AH0002	1044.572	1045.012	육십칠	[134]
102	180	2	AH0002	1045.133	1045.853	달러였어요	[]
102	180	3	AH0002	1045.873	1045.953	였어요.	[]
102	180	4	AH0002	1045.973	1046.334	그러니까	[]
102	180	5	AH0002	1046.574	1046.794	진짜	[]
102	180	6	AH0002	1046.874	1047.315	찢어지게	[]
102	180	7	AH0002	1047.395	1047.655	가난한	[]
102	180	8	AH0002	1047.755	1048.536	나라였는데	[135]
102	180	9	AH0002	1049.157	1049.277	이	[]
102	180	10	AH0002	1049.297	1049.837	나라들은	[]
102	180	11	AH0002	1050.038	1050.218	그래도	[]
102	180	12	AH0002	1050.318	1050.418	좀	[]
102	180	13	AH0002	1050.498	1050.978	낫지만은	[]
102	181	1	AH0002	1051.614	1051.995	그	[]
102	181	2	AH0002	1052.195	1052.295	그	[]
102	181	3	AH0002	1052.355	1052.776	나라들을	[]
102	181	4	AH0002	1052.896	1053.638	중점적으로	[136]
102	181	5	AH0002	1053.678	1053.718	어	[]
102	181	6	AH0002	1054.239	1054.519	저희가	[]
102	181	7	AH0002	1054.86	1054.96	그	[]
102	181	8	AH0002	1055.1	1055.481	프로젝트를	[]
102	181	9	AH0002	1055.541	1055.681	하고	[]
102	181	10	AH0002	1055.721	1056.442	있는데	[]
102	181	11	AH0002	1057.504	1057.965	첫째는	[]
102	181	12	AH0002	1058.045	1058.566	인제	[]
102	181	13	AH0002	1059.688	1060.009	공부할	[]
102	181	14	AH0002	1060.089	1060.169	수	[]
102	181	15	AH0002	1060.189	1060.389	있는	[]
102	181	16	AH0002	1060.469	1060.77	교실을	[]
102	181	17	AH0002	1060.85	1061.171	지어주는	[]
102	181	18	AH0002	1061.231	1061.411	거죠.	[]
102	182	1	AH0002	1061.411	1061.832	워낙	[]
102	182	2	AH0002	1061.872	1062.252	햇빛이	[]
102	182	3	AH0002	1062.513	1063.093	강하고	[137]
102	182	4	AH0002	1063.554	1063.734	비가	[]
102	182	5	AH0002	1063.794	1064.035	많이	[]
102	182	6	AH0002	1064.055	1064.155	오고	[]
102	182	7	AH0002	1064.235	1064.916	그러니까	[]
102	182	8	AH0002	1065.557	1066.178	그	[]
102	182	9	AH0002	1066.298	1066.699	앉아서	[]
102	182	10	AH0002	1066.739	1067.079	공부할	[]
102	182	11	AH0002	1067.179	1067.259	수	[]
102	182	12	AH0002	1067.299	1067.66	있는	[]
102	182	13	AH0002	1067.88	1068.001	그	[]
102	182	14	AH0002	1068.181	1068.681	교실을	[]
102	182	15	AH0002	1068.822	1069.122	지어주고	[]
102	182	16	AH0002	1069.142	1069.182	그걸	[]
102	182	17	AH0002	1069.423	1069.743	인제	[]
102	182	18	AH0002	1070.224	1070.664	다목적	[]
102	182	19	AH0002	1070.865	1072.167	지역학습센터라는	[]
102	182	20	AH0002	1072.407	1073.188	이름으로	[138]
102	182	21	AH0002	1073.288	1073.468	부르고	[]
102	182	22	AH0002	1073.508	1073.889	있습니다.	[]
103	183	1	AH0001	1061.476	1061.698	교실	[]
104	184	1	AH0002	1073.889	1074.23	그리고	[]
104	184	2	AH0002	1074.731	1075.793	대상자는	[]
104	184	3	AH0002	1075.813	1076.755	인제	[]
104	184	4	AH0002	1077.136	1077.416	그	[]
104	184	5	AH0002	1077.677	1078.058	미취학	[]
104	184	6	AH0002	1078.398	1079.08	아이들로부터	[]
104	184	7	AH0002	1079.16	1079.881	시작해서	[]
104	184	8	AH0002	1080.102	1080.623	중도에	[]
104	184	9	AH0002	1080.683	1080.883	이제	[]
104	184	10	AH0002	1080.964	1081.344	공부를	[]
104	184	11	AH0002	1081.845	1082.487	포기하거나	[]
104	184	12	AH0002	1082.627	1082.948	공부할	[]
104	184	13	AH0002	1083.048	1083.248	기회를	[]
104	184	14	AH0002	1083.328	1083.569	갖지	[]
104	184	15	AH0002	1083.629	1084.31	못한	[]
104	184	16	AH0002	1084.33	1084.371	이제	[]
104	185	1	AH0002	1084.753	1085.113	학생들	[139]
104	185	2	AH0002	1085.414	1086.015	젊은이들	[]
104	185	3	AH0002	1086.135	1086.755	청년들	[]
104	185	4	AH0002	1086.896	1087.116	그리고	[]
104	185	5	AH0002	1087.276	1087.516	심지어	[]
104	185	6	AH0002	1087.597	1088.398	성인들까지	[]
104	185	7	AH0002	1088.418	1089.359	그렇게	[140]
104	185	8	AH0002	1089.479	1089.98	학생으로	[]
104	185	9	AH0002	1090.0	1090.22	이제	[]
104	185	10	AH0002	1090.3	1090.7	가르치고	[]
104	185	11	AH0002	1090.74	1091.161	있구요.	[]
104	186	1	AH0002	1091.161	1091.481	두	[141]
104	186	2	AH0002	1091.602	1092.282	번째는	[]
104	186	3	AH0002	1092.302	1092.623	인제	[]
104	186	4	AH0002	1093.143	1093.424	공부를	[]
104	186	5	AH0002	1093.484	1093.804	가르칠	[]
104	186	6	AH0002	1093.904	1093.984	수	[]
104	186	7	AH0002	1094.025	1094.265	있는	[]
104	186	8	AH0002	1094.425	1094.765	교사를	[]
104	186	9	AH0002	1094.886	1095.286	파견해야	[]
104	186	10	AH0002	1095.386	1096.167	되는데	[142]
104	186	11	AH0002	1096.488	1096.548	그	[]
104	186	12	AH0002	1096.588	1097.449	사람들을	[]
104	186	13	AH0002	1098.21	1099.151	양성해서	[]
104	186	14	AH0002	1099.391	1099.531	거기에	[]
104	186	15	AH0002	1099.692	1100.192	보내고	[]
104	186	16	AH0002	1100.332	1100.693	월급을	[]
104	186	17	AH0002	1100.793	1101.173	줘서	[]
104	186	18	AH0002	1101.314	1101.454	계속	[]
104	186	19	AH0002	1101.554	1102.034	가르치게	[143]
104	186	20	AH0002	1102.535	1102.715	해야	[]
104	186	21	AH0002	1102.795	1102.936	되는	[]
104	186	22	AH0002	1103.016	1103.176	거고	[]
104	187	1	AH0002	1103.299	1103.421	세	[]
104	187	2	AH0002	1103.462	1103.789	번째도	[]
105	188	1	AH0001	1103.787	1104.109	교원	[]
105	188	2	AH0001	1104.209	1104.592	양성	[]
105	188	3	AH0001	1104.752	1104.853	및	[]
105	188	4	AH0001	1105.356	1105.497	지원.	[]
106	189	1	AH0002	1105.738	1106.399	지원.	[]
106	189	2	AH0002	1106.519	1107.06	파견.	[]
106	189	3	AH0002	1107.381	1107.641	해서	[]
106	189	4	AH0002	1108.062	1108.463	실제로	[]
106	189	5	AH0002	1108.583	1109.124	가르치게	[]
106	189	6	AH0002	1109.585	1109.745	해야	[]
106	189	7	AH0002	1109.765	1110.226	되는	[144]
106	189	8	AH0002	1110.246	1110.467	거죠.	[]
106	189	9	AH0002	1110.667	1110.747	그	[]
106	189	10	AH0002	1110.827	1111.208	가르치는	[]
106	189	11	AH0002	1111.328	1111.629	데는	[]
106	189	12	AH0002	1112.51	1112.59	그	[]
106	189	13	AH0002	1113.051	1113.452	단순히	[]
106	189	14	AH0002	1113.472	1113.632	이제	[]
106	189	15	AH0002	1113.772	1113.953	글을	[]
106	189	16	AH0002	1114.033	1114.293	읽고	[]
106	189	17	AH0002	1114.414	1114.654	쓰는	[]
106	189	18	AH0002	1114.814	1115.536	문예교육뿐만	[]
106	189	19	AH0002	1115.596	1115.916	아니고	[]
107	190	1	AH0001	1106.187	1106.409	네.	[]
107	190	2	AH0001	1106.51	1106.53	응.	[]
108	191	1	AH0002	1116.838	1117.399	어	[]
108	191	2	AH0002	1117.559	1118.72	재봉틀이라든지	[]
108	191	3	AH0002	1118.9	1119.521	뭐	[145]
108	191	4	AH0002	1119.681	1119.801	저	[]
108	191	5	AH0002	1119.881	1120.882	컴퓨터라든지	[146]
108	191	6	AH0002	1121.162	1121.242	뭐	[]
108	191	7	AH0002	1121.403	1121.723	이런	[]
108	191	8	AH0002	1122.264	1122.644	바셀린	[]
108	191	9	AH0002	1122.724	1123.024	만드는	[]
108	191	10	AH0002	1123.124	1123.565	거라든지	[]
108	191	11	AH0002	1123.665	1123.725	이런	[]
108	191	12	AH0002	1123.785	1124.005	직업	[]
108	191	13	AH0002	1124.105	1124.586	교육	[]
108	191	14	AH0002	1125.547	1126.027	훈련까지.	[]
108	191	15	AH0002	1126.188	1126.548	그래서	[147]
108	191	16	AH0002	1126.568	1126.768	이제	[]
108	191	17	AH0002	1126.868	1127.149	소득을	[]
108	191	18	AH0002	1127.249	1127.669	창출할	[]
108	191	19	AH0002	1127.769	1127.849	수	[]
108	191	20	AH0002	1127.909	1128.43	있도록	[148]
108	191	21	AH0002	1128.47	1128.51	하는	[]
108	191	22	AH0002	1128.73	1128.83	그런	[]
108	191	23	AH0002	1128.95	1129.311	교육까지	[]
109	192	1	AH0001	1123.743	1123.988	직업	[]
109	192	2	AH0001	1124.111	1124.581	교육까지?	[]
110	193	1	AH0002	1129.864	1130.545	필요하고요.	[149]
110	193	2	AH0002	1130.625	1130.685	세	[]
110	193	3	AH0002	1130.745	1131.146	번째는	[]
110	193	4	AH0002	1131.186	1131.446	인제	[]
110	193	5	AH0002	1131.787	1131.947	이런	[]
110	193	6	AH0002	1132.027	1132.908	교과서라든지	[]
110	193	7	AH0002	1132.928	1133.149	여러	[150]
110	193	8	AH0002	1133.189	1133.229	가지	[]
110	193	9	AH0002	1133.329	1134.21	학습	[]
110	193	10	AH0002	1134.31	1134.691	기자재	[]
110	193	11	AH0002	1134.711	1134.871	있지	[]
110	193	12	AH0002	1134.891	1135.472	않습니까.	[]
110	193	13	AH0002	1135.552	1136.313	학용품이나	[]
110	193	14	AH0002	1136.774	1136.994	이런	[]
110	193	15	AH0002	1137.054	1137.415	것들을	[]
110	193	16	AH0002	1137.435	1137.575	이제	[]
110	193	17	AH0002	1137.655	1138.096	공급하는	[]
110	193	18	AH0002	1138.136	1138.316	이런	[]
110	193	19	AH0002	1138.476	1138.536	세	[]
110	193	20	AH0002	1138.596	1139.057	가지로	[]
110	193	21	AH0002	1139.097	1139.337	이제	[]
110	193	22	AH0002	1140.219	1140.479	구성이	[]
110	193	23	AH0002	1140.559	1140.619	돼	[]
110	193	24	AH0002	1140.639	1140.98	있는데	[]
111	194	1	AH0001	1141.26	1141.54	전부	[]
111	194	2	AH0001	1141.641	1142.162	다네요.	[151]
111	194	3	AH0001	1142.582	1142.843	건물	[]
111	194	4	AH0001	1142.923	1143.845	지어주고	[152]
111	194	5	AH0001	1144.045	1144.285	인력	[]
111	194	6	AH0001	1144.385	1144.886	파견하고.	[153]
111	194	7	AH0001	1145.728	1146.048	그리고	[]
111	194	8	AH0001	1146.329	1146.609	각종	[]
111	194	9	AH0001	1146.73	1147.07	필요한	[]
111	194	10	AH0001	1147.25	1147.471	저	[]
111	194	11	AH0001	1147.611	1148.052	자재들	[]
111	194	12	AH0001	1148.152	1148.292	이런	[]
111	194	13	AH0001	1148.412	1148.713	거	[]
111	194	14	AH0001	1148.833	1148.913	다	[]
111	194	15	AH0001	1149.054	1149.434	공급하고.	[]
111	194	16	AH0001	1149.514	1149.795	처음부터	[]
111	194	17	AH0001	1149.855	1150.436	끝까지군요?	[]
112	195	1	AH0002	1148.356	1148.721	예예.	[]
112	195	2	AH0002	1149.045	1149.41	그렇죠.	[]
112	195	3	AH0002	1149.511	1149.532	예.	[]
112	196	1	AH0002	1150.447	1150.727	그렇죠.	[]
112	196	2	AH0002	1150.928	1151.208	근데	[]
112	196	3	AH0002	1151.248	1151.529	이제	[]
112	196	4	AH0002	1152.13	1152.61	저희는	[]
112	196	5	AH0002	1153.552	1153.732	그	[]
112	196	6	AH0002	1153.892	1154.073	뭐	[]
112	196	7	AH0002	1154.333	1154.614	규모가	[]
112	196	8	AH0002	1154.634	1154.794	그렇게	[]
112	196	9	AH0002	1154.914	1155.154	크질	[]
112	196	10	AH0002	1155.174	1155.395	않기	[]
112	196	11	AH0002	1155.495	1155.936	때문에	[]
112	196	12	AH0002	1156.557	1156.837	처음에는	[]
112	196	13	AH0002	1156.917	1157.077	제가	[]
112	196	14	AH0002	1157.158	1157.478	와가지고	[]
112	196	15	AH0002	1157.598	1157.899	학교를	[]
112	196	16	AH0002	1157.919	1157.939	좀	[]
112	196	17	AH0002	1158.119	1158.279	지어	[]
112	196	18	AH0002	1158.319	1158.46	줘야	[]
112	196	19	AH0002	1158.52	1158.9	되겠다.	[]
112	196	20	AH0002	1158.92	1159.161	이렇게	[154]
112	196	21	AH0002	1159.281	1159.541	야심	[]
112	196	22	AH0002	1159.662	1159.782	찬	[]
112	196	23	AH0002	1159.942	1160.242	계획을	[]
112	196	24	AH0002	1160.383	1160.843	세웠는데	[155]
112	197	1	AH0002	1161.39	1161.931	학교는	[]
112	197	2	AH0002	1162.111	1162.412	워낙에	[]
112	197	3	AH0002	1162.472	1163.193	이제	[]
112	197	4	AH0002	1163.293	1163.774	정부에	[]
112	197	5	AH0002	1163.834	1164.175	이제	[]
112	197	6	AH0002	1164.375	1164.896	몫이고	[]
112	197	7	AH0002	1164.916	1165.437	워낙에	[]
112	197	8	AH0002	1165.457	1165.698	이제	[]
112	197	9	AH0002	1165.718	1166.058	규모도	[]
112	197	10	AH0002	1166.199	1166.539	크고	[]
112	197	11	AH0002	1167.0	1167.201	또	[]
112	197	12	AH0002	1167.381	1167.561	계속	[]
112	197	13	AH0002	1167.621	1167.842	이걸	[]
112	197	14	AH0002	1167.962	1168.443	지원을	[]
112	197	15	AH0002	1168.763	1168.944	해줘야	[]
112	197	16	AH0002	1169.024	1169.144	되기	[]
112	197	17	AH0002	1169.264	1169.625	때문에	[156]
112	197	18	AH0002	1170.086	1170.266	이건	[]
112	197	19	AH0002	1170.346	1170.647	아니다.	[]
112	197	20	AH0002	1170.767	1171.128	그래서	[]
112	197	21	AH0002	1171.288	1172.149	공교육에	[]
112	197	22	AH0002	1172.47	1172.871	혜택이	[]
112	197	23	AH0002	1172.991	1173.352	미치지	[]
112	197	24	AH0002	1173.412	1173.732	못하는	[]
112	198	1	AH0002	1174.328	1174.528	이런	[]
112	198	2	AH0002	1174.629	1174.869	마을	[]
112	198	3	AH0002	1174.949	1175.571	단위로	[]
112	198	4	AH0002	1175.691	1176.072	낙후된	[]
112	198	5	AH0002	1176.132	1176.373	곳으로	[]
112	198	6	AH0002	1177.315	1177.876	가서	[]
112	198	7	AH0002	1178.538	1179.18	거기에	[]
112	198	8	AH0002	1179.22	1179.52	이제	[]
112	198	9	AH0002	1179.661	1179.941	우리가	[]
112	198	10	AH0002	1180.082	1180.583	빈틈을	[]
112	198	11	AH0002	1180.703	1181.064	메워줘야	[]
112	198	12	AH0002	1181.124	1181.645	되겠던데	[]
112	199	1	AH0002	1181.908	1182.189	메워줘야	[]
112	199	2	AH0002	1182.43	1182.911	되겠다고	[]
112	199	3	AH0002	1182.931	1183.292	이렇게	[]
112	199	4	AH0002	1183.312	1183.573	해서	[]
112	199	5	AH0002	1183.653	1183.814	하고	[]
112	199	6	AH0002	1183.854	1184.255	있는데	[]
112	199	7	AH0002	1184.275	1185.459	그냥	[]
112	199	8	AH0002	1185.479	1186.582	감동	[]
112	199	9	AH0002	1187.124	1187.585	감동	[]
112	199	10	AH0002	1187.826	1188.628	감동입니다.	[]
113	200	1	AH0001	1188.628	1189.293	그	[]
113	200	2	AH0001	1189.353	1189.676	현장에	[]
113	200	3	AH0001	1189.756	1189.998	직접	[]
113	200	4	AH0001	1190.079	1190.18	다	[]
113	200	5	AH0001	1190.321	1191.046	가보셨어요?	[]
114	201	1	AH0002	1191.046	1191.346	많이	[]
114	201	2	AH0002	1191.366	1191.726	가죠.	[]
114	201	3	AH0002	1191.746	1191.766	어.	[157]
114	201	4	AH0002	1192.587	1193.127	그래서	[]
114	201	5	AH0002	1193.748	1194.068	가면은	[]
114	201	6	AH0002	1194.168	1194.728	눈물	[]
114	201	7	AH0002	1195.809	1195.849	나요.	[]
114	201	8	AH0002	1195.989	1196.189	어떤	[]
114	201	9	AH0002	1196.249	1196.429	애는	[]
114	201	10	AH0002	1196.629	1197.17	꼬마애가	[]
114	201	11	AH0002	1197.27	1198.17	가만히	[]
114	201	12	AH0002	1198.39	1198.55	저를	[]
114	201	13	AH0002	1198.63	1198.811	보고	[]
114	201	14	AH0002	1198.851	1199.191	있는데	[158]
114	202	1	AH0002	1200.13	1201.111	간절한	[]
114	202	2	AH0002	1201.251	1201.471	그	[]
114	202	3	AH0002	1201.772	1202.092	눈빛	[]
114	202	4	AH0002	1203.433	1203.874	대화는	[]
114	202	5	AH0002	1204.274	1204.394	안	[]
114	202	6	AH0002	1204.474	1205.095	되지만은	[]
114	202	7	AH0002	1205.896	1206.296	그러면서	[]
114	202	8	AH0002	1206.376	1206.436	제	[]
114	202	9	AH0002	1206.597	1206.717	손을	[]
114	202	10	AH0002	1206.937	1207.758	꼭	[]
114	202	11	AH0002	1207.998	1208.218	잡고	[]
114	202	12	AH0002	1208.238	1208.679	갔는데	[]
114	202	13	AH0002	1208.899	1209.059	제가	[]
114	202	14	AH0002	1209.62	1209.98	한참을	[]
114	202	15	AH0002	1210.0	1210.22	둘이	[]
114	202	16	AH0002	1210.24	1210.28	같이	[]
114	202	17	AH0002	1210.421	1210.701	걸었어요	[]
114	202	18	AH0002	1210.721	1211.181	그리고	[]
114	202	19	AH0002	1211.201	1211.221	그	[]
114	202	20	AH0002	1211.241	1211.301	따뜻한	[]
114	202	21	AH0002	1211.321	1211.362	그	[]
114	202	22	AH0002	1211.382	1211.442	체온이	[]
114	202	23	AH0002	1211.462	1211.682	저한테	[]
114	202	24	AH0002	1211.702	1211.802	옮겨오는데	[]
114	203	1	AH0002	1212.031	1212.131	그	[]
114	203	2	AH0002	1212.292	1212.835	따뜻한	[]
114	203	3	AH0002	1213.156	1213.638	그	[]
114	203	4	AH0002	1213.92	1214.522	체온이	[]
114	203	5	AH0002	1214.623	1215.185	저한테	[]
114	203	6	AH0002	1215.266	1215.567	옮겨오는데	[]
115	204	1	AH0001	1215.748	1215.829	이렇게	[]
115	204	2	AH0001	1215.89	1216.012	손을	[]
115	204	3	AH0001	1216.093	1216.398	잡아요?	[]
116	205	1	AH0002	1216.54	1216.64	제가	[]
116	205	2	AH0002	1216.74	1217.141	잡아요.	[]
116	205	3	AH0002	1217.381	1217.501	제가	[]
116	205	4	AH0002	1217.602	1219.364	잡아요.	[]
116	205	5	AH0002	1219.545	1219.825	저한테	[]
116	205	6	AH0002	1219.905	1220.226	바라는	[]
116	205	7	AH0002	1220.246	1220.326	게	[]
116	205	8	AH0002	1220.346	1220.586	있어요.	[]
116	205	9	AH0002	1220.606	1220.767	뭐	[]
116	205	10	AH0002	1220.787	1220.827	먹을	[]
116	205	11	AH0002	1221.027	1221.127	걸	[]
116	205	12	AH0002	1221.207	1221.508	달라고	[]
116	205	13	AH0002	1221.748	1222.048	하면은	[]
116	205	14	AH0002	1222.149	1222.389	손을	[]
116	205	15	AH0002	1222.429	1223.09	내미는데	[159]
116	205	16	AH0002	1223.491	1223.691	그게	[]
116	205	17	AH0002	1223.731	1223.991	아니고	[]
116	205	18	AH0002	1224.092	1224.392	손을	[]
116	205	19	AH0002	1224.412	1224.893	이렇게	[]
116	205	20	AH0002	1225.073	1226.275	잡아요.	[160]
116	206	1	AH0002	1226.284	1226.765	그	[]
116	206	2	AH0002	1227.045	1227.506	영롱한	[]
116	206	3	AH0002	1227.666	1227.826	그	[]
116	206	4	AH0002	1227.966	1228.467	눈빛을	[]
116	206	5	AH0002	1228.947	1229.168	잊을	[]
116	206	6	AH0002	1229.308	1229.468	수가	[]
116	206	7	AH0002	1229.528	1229.849	없어요.	[]
116	206	8	AH0002	1229.869	1229.889	어.	[]
116	206	9	AH0002	1229.929	1231.23	그리고	[161]
116	206	10	AH0002	1231.331	1231.911	거기에	[]
116	206	11	AH0002	1231.951	1232.392	있는	[]
116	206	12	AH0002	1232.472	1232.632	우리	[]
116	206	13	AH0002	1232.712	1233.333	활동가들	[]
117	207	1	AH0001	1234.034	1235.157	활동가들은	[]
117	207	2	AH0001	1235.237	1235.498	어떤	[]
117	207	3	AH0001	1235.558	1236.019	사람들이에요?	[]
117	207	4	AH0001	1236.38	1236.821	자원해서	[]
117	207	5	AH0001	1236.861	1236.982	가는	[]
117	207	6	AH0001	1237.042	1237.303	겁니까?	[]
118	208	1	AH0002	1237.493	1237.714	예.	[]
118	208	2	AH0002	1238.034	1238.415	저희가	[]
118	208	3	AH0002	1238.475	1239.097	공모해가지고	[]
118	208	4	AH0002	1239.177	1239.598	자원해서	[]
118	208	5	AH0002	1239.658	1239.999	갔는데	[]
119	209	1	AH0001	1240.52	1241.041	유네스코	[]
119	209	2	AH0001	1241.222	1241.924	정식직원으로	[]
119	209	3	AH0001	1242.044	1242.566	취업해서	[]
119	209	4	AH0001	1242.666	1243.127	파견된	[]
119	209	5	AH0001	1243.147	1243.167	게	[]
119	209	6	AH0001	1243.187	1243.508	아니고?	[]
119	209	7	AH0001	1243.829	1244.832	자원봉사식으로?	[]
120	210	1	AH0002	1244.932	1245.593	자원봉사.	[162]
120	210	2	AH0002	1245.833	1246.174	이제는	[]
120	210	3	AH0002	1246.254	1246.514	저희가	[]
120	210	4	AH0002	1246.554	1246.754	이제	[]
120	210	5	AH0002	1246.855	1247.095	조금	[]
120	210	6	AH0002	1247.115	1248.757	어	[]
120	210	7	AH0002	1248.877	1249.078	재원이	[]
120	210	8	AH0002	1249.298	1249.398	좀	[]
120	210	9	AH0002	1249.498	1249.558	더	[]
120	210	10	AH0002	1249.618	1249.939	확충이	[]
120	210	11	AH0002	1250.039	1250.52	되면은	[163]
120	210	12	AH0002	1251.16	1251.501	이제	[]
120	210	13	AH0002	1251.801	1251.922	저희	[]
120	210	14	AH0002	1252.022	1252.202	아예	[]
120	210	15	AH0002	1252.422	1252.923	직원으로	[]
120	210	16	AH0002	1253.003	1253.163	이렇게	[164]
120	210	17	AH0002	1253.223	1253.303	해	[]
120	210	18	AH0002	1253.323	1253.444	가지고	[]
120	210	19	AH0002	1253.484	1253.744	인제	[]
120	210	20	AH0002	1253.844	1254.385	파견할려고	[]
120	210	21	AH0002	1254.405	1254.765	그러는데	[165]
120	210	22	AH0002	1254.886	1255.226	지금은	[]
120	210	23	AH0002	1255.266	1255.446	이제	[]
121	211	1	AH0001	1256.197	1257.321	자원봉사로?	[]
122	212	1	AH0002	1258.284	1258.525	자원	[]
122	212	2	AH0002	1258.645	1259.568	자원봉사지만	[]
122	212	3	AH0002	1259.668	1260.249	사실상	[]
122	212	4	AH0002	1261.012	1261.272	그	[]
122	212	5	AH0002	1261.473	1261.794	계약직	[]
122	212	6	AH0002	1261.914	1262.516	비슷하게	[166]
122	212	7	AH0002	1262.937	1263.178	에	[]
122	212	8	AH0002	1263.418	1263.819	해서	[]
122	212	9	AH0002	1264.1	1264.541	훈련을	[]
122	212	10	AH0002	1264.622	1264.862	받고	[]
122	212	11	AH0002	1264.922	1265.303	갑니다.	[]
123	213	1	AH0001	1264.029	1264.272	물론	[]
123	213	2	AH0001	1264.374	1264.394	뭐	[]
123	214	1	AH0001	1265.682	1265.962	약간의	[]
123	214	2	AH0001	1266.062	1266.643	수당과	[167]
123	214	3	AH0001	1266.823	1267.123	함께	[]
123	214	4	AH0001	1267.203	1267.904	자원봉사로?	[]
123	214	5	AH0001	1268.445	1268.725	그렇죠?	[]
123	214	6	AH0001	1269.486	1269.686	도대체	[]
123	214	7	AH0001	1269.746	1270.026	어떤	[]
123	214	8	AH0001	1270.126	1270.627	젊은이들이	[]
123	214	9	AH0001	1270.727	1271.107	그런	[]
123	214	10	AH0001	1271.688	1271.948	어려운	[]
123	214	11	AH0001	1272.048	1272.168	데에	[]
123	214	12	AH0001	1272.248	1272.488	가서	[]
123	214	13	AH0001	1272.548	1272.649	하는	[]
123	214	14	AH0001	1272.729	1273.089	겁니까?	[]
124	215	1	AH0002	1274.218	1274.478	저도	[]
124	215	2	AH0002	1274.578	1274.859	되게	[]
124	215	3	AH0002	1274.999	1275.459	고맙고	[]
124	215	4	AH0002	1275.62	1277.422	그랬는데	[]
124	215	5	AH0002	1278.002	1278.102	참	[]
124	215	6	AH0002	1278.183	1278.403	이해가	[]
124	215	7	AH0002	1278.463	1278.523	안	[]
124	215	8	AH0002	1278.603	1278.883	가요.	[]
124	215	9	AH0002	1279.084	1279.344	아휴	[]
124	215	10	AH0002	1279.865	1279.925	뭐	[]
124	215	11	AH0002	1280.045	1280.205	저도	[]
124	215	12	AH0002	1280.225	1280.545	애들을	[]
124	215	13	AH0002	1280.705	1280.866	키우고	[]
124	215	14	AH0002	1281.006	1281.166	그렇긴	[]
124	215	15	AH0002	1281.206	1281.566	하지만	[]
124	215	16	AH0002	1281.747	1281.887	그래도	[]
124	215	17	AH0002	1282.628	1282.908	노는	[]
124	215	18	AH0002	1283.048	1283.589	여자애들이	[]
124	215	19	AH0002	1283.649	1284.149	많거든요.	[]
124	215	20	AH0002	1284.169	1284.61	그래서	[168]
124	216	1	AH0002	1284.875	1285.316	어	[]
124	216	2	AH0002	1285.336	1285.637	어떻게	[]
124	216	3	AH0002	1285.657	1285.837	해서	[]
124	216	4	AH0002	1285.877	1286.058	여기에	[]
124	216	5	AH0002	1286.118	1286.398	왔느냐	[]
124	216	6	AH0002	1286.479	1286.92	그랬더니	[]
124	216	7	AH0002	1286.98	1287.361	한마디로	[]
124	216	8	AH0002	1287.421	1287.982	얘기하는데	[]
124	216	9	AH0002	1288.724	1288.964	지금	[]
124	216	10	AH0002	1289.104	1289.545	제가	[]
124	216	11	AH0002	1290.628	1290.768	이	[]
124	216	12	AH0002	1290.788	1291.249	일을	[]
124	216	13	AH0002	1291.49	1291.71	하지	[]
124	216	14	AH0002	1291.77	1292.211	못하면	[]
124	216	15	AH0002	1292.352	1292.813	평생	[]
124	216	16	AH0002	1292.933	1293.133	해볼	[]
124	216	17	AH0002	1293.254	1293.454	기회가	[]
124	216	18	AH0002	1293.474	1293.695	없을	[]
124	216	19	AH0002	1293.775	1293.835	것	[]
124	216	20	AH0002	1293.855	1294.236	같애요.	[169]
124	217	1	AH0002	1295.036	1295.297	저희	[]
124	217	2	AH0002	1295.557	1296.018	어머님	[]
124	217	3	AH0002	1296.52	1297.141	아버님도	[]
124	217	4	AH0002	1297.983	1298.465	총장님하고	[]
124	217	5	AH0002	1298.545	1298.866	똑같은	[]
124	217	6	AH0002	1298.906	1299.126	말씀을	[]
124	217	7	AH0002	1299.166	1299.888	하셨는데	[170]
124	217	8	AH0002	1300.409	1300.65	그렇게	[]
124	217	9	AH0002	1300.77	1300.83	다	[]
124	217	10	AH0002	1301.031	1301.452	설득을	[]
124	217	11	AH0002	1301.753	1301.953	시켜	[]
124	217	12	AH0002	1302.033	1302.455	드렸더니	[]
124	217	13	AH0002	1302.555	1302.835	가라고	[]
124	217	14	AH0002	1302.876	1303.457	하시더라고요.	[]
125	218	1	AH0001	1303.472	1303.715	젊은	[]
125	218	2	AH0001	1303.816	1304.059	도전	[]
125	218	3	AH0001	1304.139	1304.362	정신.	[]
126	219	1	AH0002	1304.744	1305.004	예.	[]
126	219	2	AH0002	1305.064	1305.605	에.	[]
126	219	3	AH0002	1306.045	1306.306	그리고	[]
126	219	4	AH0002	1306.886	1307.927	도전정신뿐만	[]
126	219	5	AH0002	1307.987	1308.348	아니고	[]
126	219	6	AH0002	1309.008	1309.329	남을	[]
126	219	7	AH0002	1309.449	1309.789	위한	[]
126	219	8	AH0002	1310.129	1310.53	삶을	[]
126	219	9	AH0002	1310.89	1311.11	한번	[]
126	219	10	AH0002	1311.21	1311.571	살아봐야	[]
126	219	11	AH0002	1311.631	1312.071	되겠다	[]
126	219	12	AH0002	1312.932	1313.252	이런	[]
126	219	13	AH0002	1313.513	1313.993	마음을	[]
126	219	14	AH0002	1314.193	1314.574	갖는데	[]
126	219	15	AH0002	1314.654	1314.934	어떤	[]
126	219	16	AH0002	1315.455	1315.695	그	[]
126	219	17	AH0002	1315.875	1316.456	활동가는요.	[]
127	220	1	AH0001	1304.81	1304.83	크.	[]
127	221	1	AH0001	1309.39	1309.792	남을	[]
127	221	2	AH0001	1309.892	1310.032	도와	[]
127	221	3	AH0001	1310.113	1310.635	준다는	[]
127	221	4	AH0001	1310.675	1310.695	거.	[]
128	222	1	AH0002	1316.916	1317.357	작년에	[]
128	222	2	AH0002	1317.517	1318.138	잠비아에서	[]
128	222	3	AH0002	1318.819	1319.961	교통사고가	[]
128	222	4	AH0002	1320.101	1320.282	크게	[]
128	222	5	AH0002	1320.322	1320.863	났어요.	[171]
128	222	6	AH0002	1320.903	1321.123	그래서	[]
128	222	7	AH0002	1321.203	1321.383	몸이	[]
128	222	8	AH0002	1321.684	1322.285	다쳐가지고	[]
128	222	9	AH0002	1322.365	1322.586	저희가	[]
128	222	10	AH0002	1322.606	1323.627	이제	[]
128	222	11	AH0002	1323.848	1323.988	서울로	[]
128	222	12	AH0002	1324.088	1324.308	이제	[]
128	222	13	AH0002	1324.429	1324.849	후송까지	[172]
128	222	14	AH0002	1324.97	1325.15	해서	[]
128	222	15	AH0002	1325.29	1325.631	치료도	[]
128	222	16	AH0002	1325.691	1326.091	했는데	[173]
128	223	1	AH0002	1326.987	1327.127	저	[]
128	223	2	AH0002	1327.188	1327.729	같으면은	[]
128	223	3	AH0002	1327.83	1328.191	당연히	[]
128	223	4	AH0002	1328.311	1328.392	안	[]
128	223	5	AH0002	1328.452	1329.014	간다고	[174]
128	223	6	AH0002	1329.816	1330.238	했을지도	[]
128	223	7	AH0002	1330.318	1330.78	모르겠어요.	[]
128	223	8	AH0002	1330.88	1331.121	근데	[]
128	223	9	AH0002	1331.562	1331.622	또	[]
128	223	10	AH0002	1331.663	1331.803	가는	[]
128	223	11	AH0002	1331.903	1332.064	거예요.	[]
128	223	12	AH0002	1332.104	1332.305	그래서	[]
129	224	1	AH0001	1332.387	1332.569	치료	[]
129	224	2	AH0001	1332.65	1332.973	끝나고?	[]
130	225	1	AH0002	1333.114	1333.294	예.	[]
130	225	2	AH0002	1333.394	1333.494	또	[]
130	225	3	AH0002	1334.556	1335.157	가요.	[]
130	225	4	AH0002	1335.737	1335.878	그	[]
130	225	5	AH0002	1335.958	1336.639	활동가가	[]
130	225	6	AH0002	1336.719	1336.939	사는	[]
130	225	7	AH0002	1337.059	1337.319	집에도	[]
130	225	8	AH0002	1337.4	1337.54	제가	[]
130	225	9	AH0002	1337.6	1338.281	가봤거든요?	[175]
130	225	10	AH0002	1338.821	1338.962	무슨	[]
130	225	11	AH0002	1339.022	1339.522	아파트	[]
130	225	12	AH0002	1339.582	1339.803	무슨	[]
130	225	13	AH0002	1339.963	1340.223	주택	[]
130	225	14	AH0002	1340.303	1340.424	이런	[]
130	225	15	AH0002	1340.604	1340.624	게	[]
130	225	16	AH0002	1340.644	1340.884	아니고	[]
130	225	17	AH0002	1341.104	1341.265	그냥	[]
130	225	18	AH0002	1342.466	1342.787	옛날	[]
130	225	19	AH0002	1342.867	1343.167	우리	[]
130	225	20	AH0002	1343.247	1343.508	이제	[]
130	225	21	AH0002	1343.568	1343.788	오십	[]
130	225	22	AH0002	1343.888	1344.208	년대	[]
130	225	23	AH0002	1344.309	1344.709	살았던	[]
130	225	24	AH0002	1344.889	1344.909	그	[]
131	226	1	AH0001	1345.39	1345.777	판자촌?	[]
132	227	1	AH0002	1346.347	1346.648	그런	[]
132	227	2	AH0002	1346.728	1347.028	비슷한	[]
132	227	3	AH0002	1347.048	1347.95	집인데	[]
132	227	4	AH0002	1347.97	1349.132	그래도	[]
132	227	5	AH0002	1349.292	1349.472	어느	[]
132	227	6	AH0002	1349.613	1349.933	정도는	[]
132	227	7	AH0002	1350.093	1350.374	인제	[]
132	227	8	AH0002	1350.614	1350.935	규모는	[]
132	227	9	AH0002	1350.955	1351.255	있어요	[]
132	227	10	AH0002	1351.636	1351.856	마당도	[]
132	227	11	AH0002	1352.377	1352.437	좀	[]
132	227	12	AH0002	1352.457	1352.618	있고	[]
132	227	13	AH0002	1352.678	1353.018	그랬는데	[]
132	227	14	AH0002	1353.259	1353.419	거기	[]
132	227	15	AH0002	1353.72	1353.78	딱	[]
132	227	16	AH0002	1353.8	1354.12	들어가	[]
132	227	17	AH0002	1354.18	1354.501	보니까	[]
132	227	18	AH0002	1354.521	1354.761	그냥	[]
132	227	19	AH0002	1354.962	1355.022	벽에	[]
132	228	1	AH0002	1355.859	1356.5	도마뱀이	[]
132	228	2	AH0002	1356.6	1356.801	이렇게	[]
132	228	3	AH0002	1356.901	1357.482	붙어있고	[]
132	228	4	AH0002	1357.502	1357.522	어.	[]
132	228	5	AH0002	1357.622	1358.564	도마뱀도	[]
132	228	6	AH0002	1358.724	1359.265	붙어있고	[]
132	228	7	AH0002	1359.365	1359.566	바로	[]
132	228	8	AH0002	1359.606	1359.806	옆에	[]
132	228	9	AH0002	1359.866	1360.287	가더니	[]
132	228	10	AH0002	1360.788	1361.449	돼지우리가	[]
132	228	11	AH0002	1361.489	1361.93	있는데	[]
132	228	12	AH0002	1362.03	1362.291	돼지가	[]
132	228	13	AH0002	1362.331	1362.491	한	[]
132	228	14	AH0002	1362.611	1362.712	열	[]
132	228	15	AH0002	1362.812	1363.092	마리	[176]
132	228	16	AH0002	1363.673	1363.854	거미	[]
132	228	17	AH0002	1363.934	1364.314	새끼까지	[]
132	228	18	AH0002	1364.355	1364.875	이렇게	[]
132	228	19	AH0002	1365.677	1366.518	널브러져서	[]
132	228	20	AH0002	1366.619	1366.799	자고	[]
132	228	21	AH0002	1366.839	1367.34	있더라고요.	[]
132	229	1	AH0002	1367.359	1367.9	돼지의	[177]
132	229	2	AH0002	1368.642	1369.223	우리에	[]
132	229	3	AH0002	1369.243	1369.263	고	[]
132	229	4	AH0002	1369.303	1369.524	옆에	[]
132	229	5	AH0002	1369.604	1370.065	붙어가지고	[]
132	229	6	AH0002	1370.105	1370.306	그냥	[]
132	229	7	AH0002	1370.406	1370.526	자는	[]
132	229	8	AH0002	1370.546	1370.646	거예요.	[]
132	229	9	AH0002	1370.666	1371.769	그러면	[]
132	229	10	AH0002	1371.789	1371.809	뭐	[]
132	229	11	AH0002	1371.829	1371.869	이제	[]
133	230	1	AH0001	1372.346	1372.933	여성이었어요?	[]
134	231	1	AH0002	1374.148	1374.95	여성이에요.	[]
135	232	1	AH0001	1374.95	1375.234	도마뱀	[]
135	232	2	AH0001	1375.336	1375.498	안	[]
135	232	3	AH0001	1375.518	1376.046	무섭답니까?	[]
136	233	1	AH0002	1376.249	1376.309	안	[]
136	233	2	AH0002	1376.389	1376.75	무섭대.	[]
136	233	3	AH0002	1376.79	1377.351	인제.	[]
136	233	4	AH0002	1377.431	1377.491	근데	[]
136	233	5	AH0002	1378.893	1378.993	그	[]
136	233	6	AH0002	1379.073	1379.314	애들	[]
136	233	7	AH0002	1379.394	1379.654	이렇게	[]
136	233	8	AH0002	1379.714	1380.315	보면요.	[]
136	233	9	AH0002	1380.335	1380.996	이	[]
136	233	10	AH0002	1381.317	1381.878	팔다리가	[]
136	233	11	AH0002	1381.918	1382.158	그냥	[178]
136	233	12	AH0002	1382.178	1383.1	벌겋게	[]
136	233	13	AH0002	1383.18	1384.983	달아서	[]
136	233	14	AH0002	1385.163	1385.243	부어올라	[]
136	233	15	AH0002	1385.263	1385.543	있어.	[]
136	233	16	AH0002	1385.604	1385.624	왜	[]
136	233	17	AH0002	1385.644	1385.764	그러냐고	[]
136	233	18	AH0002	1385.784	1385.864	그랬더니	[]
137	234	1	AH0001	1384.829	1384.93	왜요?	[]
137	234	2	AH0001	1384.95	1384.97	어.	[]
138	235	1	AH0002	1386.331	1386.752	모기	[]
138	235	2	AH0002	1386.772	1386.832	하고	[]
138	235	3	AH0002	1386.972	1387.193	특히	[]
138	235	4	AH0002	1387.213	1387.353	이제	[]
138	235	5	AH0002	1387.613	1387.974	특히	[]
138	235	6	AH0002	1387.994	1388.034	벼룩이	[]
138	235	7	AH0002	1388.074	1388.976	이게	[179]
138	235	8	AH0002	1388.996	1389.176	많이	[]
138	235	9	AH0002	1389.277	1389.677	물리고	[]
138	235	10	AH0002	1389.737	1390.639	이렇게	[]
138	235	11	AH0002	1390.659	1390.799	했는데	[]
138	235	12	AH0002	1390.819	1391.36	그니까	[180]
138	235	13	AH0002	1391.982	1392.162	이	[]
138	235	14	AH0002	1392.222	1392.943	아이들	[]
138	235	15	AH0002	1393.605	1393.785	저	[]
138	235	16	AH0002	1393.965	1394.647	아이들이	[]
138	235	17	AH0002	1394.667	1394.947	아니죠.	[]
138	235	18	AH0002	1394.967	1395.208	뭐	[]
138	235	19	AH0002	1395.348	1395.468	이	[]
138	235	20	AH0002	1395.608	1396.129	젊은이들이	[181]
138	236	1	AH0002	1396.964	1397.324	정말	[]
138	236	2	AH0002	1397.344	1397.364	이	[]
138	236	3	AH0002	1397.444	1398.145	마음속에	[]
138	236	4	AH0002	1398.165	1398.485	어떤	[]
138	236	5	AH0002	1399.206	1399.226	그	[]
138	236	6	AH0002	1399.426	1399.626	마음이	[]
138	236	7	AH0002	1399.706	1399.986	이렇게	[]
138	236	8	AH0002	1400.086	1401.227	들어있기에	[182]
138	236	9	AH0002	1401.367	1401.788	저렇게	[]
138	236	10	AH0002	1401.948	1402.208	모기	[]
138	236	11	AH0002	1402.348	1402.729	벼룩	[]
138	236	12	AH0002	1402.909	1403.349	그다음에	[]
138	236	13	AH0002	1404.01	1404.39	에볼라	[]
138	236	14	AH0002	1404.43	1404.77	같은	[]
138	236	15	AH0002	1404.93	1405.771	이런	[]
138	236	16	AH0002	1405.891	1405.911	저	[]
138	237	1	AH0002	1405.994	1406.334	어	[]
138	237	2	AH0002	1406.355	1406.775	위협도	[183]
138	237	3	AH0002	1406.835	1407.196	있고	[]
138	237	4	AH0002	1407.356	1407.877	정변으로	[]
138	237	5	AH0002	1407.957	1408.277	인한	[]
138	237	6	AH0002	1408.958	1409.078	그	[]
138	237	7	AH0002	1409.219	1409.859	신체적인	[]
138	237	8	AH0002	1410.12	1410.26	그	[]
138	237	9	AH0002	1410.46	1410.861	위협도	[]
138	237	10	AH0002	1410.941	1411.482	있고	[184]
138	237	11	AH0002	1411.762	1412.403	풍토병에	[]
138	237	12	AH0002	1412.964	1413.064	에	[]
138	237	13	AH0002	1413.224	1413.545	노출이	[]
138	237	14	AH0002	1413.605	1413.765	되고	[]
138	237	15	AH0002	1413.805	1414.406	하면서도	[]
138	237	16	AH0002	1414.426	1415.467	밝은	[]
138	237	17	AH0002	1415.708	1416.289	표정으로	[]
138	237	18	AH0002	1416.589	1416.649	이렇게	[]
138	238	1	AH0002	1417.531	1418.012	에	[]
138	238	2	AH0002	1418.232	1418.433	자기	[]
138	238	3	AH0002	1418.493	1418.833	직분을	[]
138	238	4	AH0002	1418.914	1419.234	다하는	[]
138	238	5	AH0002	1419.314	1419.515	생각만	[185]
138	238	6	AH0002	1419.535	1420.557	하면은	[]
138	238	7	AH0002	1420.897	1421.038	아.	[]
138	238	8	AH0002	1421.198	1421.538	천사가	[]
138	238	9	AH0002	1421.599	1421.799	다로	[]
138	238	10	AH0002	1422.039	1422.22	따로	[]
138	238	11	AH0002	1422.26	1422.48	없다	[]
138	238	12	AH0002	1423.182	1423.903	라는	[]
138	238	13	AH0002	1423.943	1424.304	생각이	[186]
138	238	14	AH0002	1424.324	1424.484	듭니다.	[]
139	239	1	AH0001	1426.319	1426.941	아프리카	[]
139	239	2	AH0001	1427.021	1427.222	여섯	[]
139	239	3	AH0001	1427.322	1427.382	개	[]
139	239	4	AH0001	1427.443	1427.724	나라	[]
139	239	5	AH0001	1427.984	1428.025	또	[]
139	239	6	AH0001	1428.085	1428.285	다른	[]
139	239	7	AH0001	1428.346	1428.667	지역	[]
139	239	8	AH0001	1428.687	1428.707	또	[]
139	239	9	AH0001	1428.847	1429.249	없습니까?	[]
140	240	1	AH0002	1430.801	1430.861	그니까	[]
140	240	2	AH0002	1430.961	1431.222	이제	[]
140	240	3	AH0002	1431.442	1431.642	여섯	[]
140	240	4	AH0002	1431.723	1431.903	나라를	[]
140	240	5	AH0002	1432.023	1432.283	말씀을	[]
140	240	6	AH0002	1432.444	1432.824	드렸는데	[187]
140	240	7	AH0002	1432.904	1433.185	거기에	[]
140	240	8	AH0002	1433.205	1433.505	이제	[]
140	240	9	AH0002	1434.327	1435.288	보츠와나라든지	[]
140	240	10	AH0002	1435.529	1436.651	마다가스카르	[]
140	240	11	AH0002	1436.831	1437.352	모리셔스	[]
140	240	12	AH0002	1437.392	1437.632	이런	[]
140	240	13	AH0002	1437.913	1438.654	이디오피아	[]
140	240	14	AH0002	1438.794	1438.874	뭐	[]
140	240	15	AH0002	1438.995	1439.395	우간다	[]
140	240	16	AH0002	1439.455	1439.976	이런	[]
140	240	17	AH0002	1440.417	1440.998	나라들로	[]
140	240	18	AH0002	1441.158	1441.479	확대할	[]
140	240	19	AH0002	1441.599	1441.899	계획을	[]
140	240	20	AH0002	1442.12	1442.38	세우고	[188]
140	240	21	AH0002	1442.5	1442.861	있고요.	[]
140	241	1	AH0002	1443.222	1443.962	아시아에서도	[]
140	241	2	AH0002	1444.022	1444.282	이제	[]
140	241	3	AH0002	1444.403	1444.743	비슷한	[]
140	241	4	AH0002	1445.023	1445.563	프로그램하고	[]
140	241	5	AH0002	1445.583	1446.083	있습니다.	[]
140	241	6	AH0002	1446.103	1446.544	네팔	[]
140	241	7	AH0002	1446.704	1447.124	인도	[]
140	241	8	AH0002	1447.304	1447.944	파기스탄	[]
140	241	9	AH0002	1448.524	1448.625	어	[]
140	241	10	AH0002	1448.765	1449.505	방글라데시	[]
140	241	11	AH0002	1449.525	1450.305	이슬랑카	[]
140	241	12	AH0002	1450.485	1450.926	부탄	[]
140	241	13	AH0002	1451.086	1451.146	뭐	[]
140	241	14	AH0002	1451.306	1451.506	이런	[]
140	241	15	AH0002	1451.606	1451.866	나라들.	[]
140	241	16	AH0002	1451.986	1452.146	그리고	[]
140	241	17	AH0002	1452.326	1452.806	라오스	[]
140	241	18	AH0002	1452.887	1453.427	캄보디아까지	[189]
140	242	1	AH0002	1453.999	1454.239	해서	[]
140	242	2	AH0002	1454.319	1454.599	저희가	[]
140	242	3	AH0002	1454.72	1454.92	이제	[]
140	242	4	AH0002	1455.06	1455.22	지원을	[]
140	242	5	AH0002	1455.26	1455.46	하고	[]
140	242	6	AH0002	1455.54	1455.82	있는데	[]
140	242	7	AH0002	1455.881	1456.541	아프리카보다는	[190]
140	242	8	AH0002	1456.661	1456.941	사정이	[]
140	242	9	AH0002	1457.041	1457.302	낫지	[]
140	242	10	AH0002	1457.522	1458.142	낫지마는	[191]
140	242	11	AH0002	1458.863	1459.183	전기가	[]
140	242	12	AH0002	1459.223	1459.283	안	[]
140	242	13	AH0002	1459.383	1459.664	들어온	[]
140	242	14	AH0002	1460.284	1460.504	곳이	[]
140	242	15	AH0002	1460.544	1460.905	많고	[]
140	242	16	AH0002	1461.565	1461.965	전기가	[]
140	242	17	AH0002	1462.025	1462.065	안	[]
140	242	18	AH0002	1462.166	1462.566	들어온다는	[]
140	242	19	AH0002	1462.646	1463.086	거는요.	[]
140	242	20	AH0002	1463.106	1463.487	우리도	[192]
140	242	21	AH0002	1463.567	1463.867	정전	[]
140	242	22	AH0002	1463.887	1464.107	한번	[]
140	242	23	AH0002	1464.187	1464.587	되면은	[]
140	242	24	AH0002	1464.748	1464.868	뭐	[]
140	242	25	AH0002	1464.868	1465.588	깜깜	[]
140	242	26	AH0002	1465.588	1465.989	하잖아요.	[193]
140	243	1	AH0002	1467.088	1467.328	그냥	[]
140	243	2	AH0002	1467.449	1468.27	문명세계와	[]
140	243	3	AH0002	1468.41	1468.931	단절된	[]
140	243	4	AH0002	1469.051	1469.372	암흑	[]
140	243	5	AH0002	1469.692	1469.953	그	[]
140	243	6	AH0002	1470.133	1470.434	세계라고	[]
140	243	7	AH0002	1470.454	1470.614	생각을	[]
140	243	8	AH0002	1470.654	1471.015	하면	[194]
140	243	9	AH0002	1471.716	1471.776	될	[]
140	243	10	AH0002	1471.896	1472.297	겁니다.	[]
140	243	11	AH0002	1472.457	1472.557	인제	[]
140	243	12	AH0002	1473.018	1473.278	이런	[]
140	243	13	AH0002	1473.419	1474.22	속에서	[]
140	243	14	AH0002	1474.981	1475.142	그	[]
140	243	15	AH0002	1475.302	1475.723	문화적인	[]
140	243	16	AH0002	1475.803	1475.963	여러	[]
140	243	17	AH0002	1476.003	1476.243	가지	[]
140	243	18	AH0002	1476.404	1476.624	차이	[]
140	243	19	AH0002	1476.724	1477.205	때문에	[]
140	243	20	AH0002	1477.786	1478.387	차별적으로	[]
140	243	21	AH0002	1478.507	1478.788	교육에	[]
140	243	22	AH0002	1478.848	1479.168	혜택을	[]
140	244	1	AH0002	1479.644	1479.764	못	[]
140	244	2	AH0002	1479.885	1480.627	받는	[]
140	244	3	AH0002	1480.747	1481.229	아이들	[]
140	244	4	AH0002	1481.249	1481.289	청년.	[]
140	244	5	AH0002	1481.429	1482.131	그리고	[195]
140	244	6	AH0002	1482.232	1482.633	특히	[]
140	244	7	AH0002	1482.653	1482.713	이제	[]
140	244	8	AH0002	1482.733	1483.475	여성들을	[]
140	244	9	AH0002	1483.576	1483.876	위해서	[]
141	245	1	AH0001	1484.077	1484.34	여성.	[]
142	246	1	AH0002	1484.661	1484.842	예.	[]
142	246	2	AH0002	1485.042	1485.303	저희가	[]
142	246	3	AH0002	1485.323	1485.423	이제	[]
142	246	4	AH0002	1485.544	1485.684	지원을	[]
142	246	5	AH0002	1486.025	1486.326	많이	[]
142	246	6	AH0002	1486.908	1487.068	에	[]
142	246	7	AH0002	1487.249	1487.57	해주고	[]
142	246	8	AH0002	1487.63	1487.79	있는데	[]
143	247	1	AH0001	1488.005	1488.286	인도나	[]
143	247	2	AH0001	1488.346	1488.486	이런	[]
143	247	3	AH0001	1488.567	1488.867	나라는	[]
143	247	4	AH0001	1488.928	1489.83	여성교육	[]
143	247	5	AH0001	1490.151	1490.372	조금	[]
143	247	6	AH0001	1490.672	1490.773	그	[]
143	247	7	AH0001	1490.933	1491.455	터부시하는	[]
143	247	8	AH0001	1491.555	1491.675	그런	[]
144	248	1	AH0002	1493.04	1493.421	카스트	[]
144	248	2	AH0002	1493.481	1493.801	제도가	[]
144	248	3	AH0002	1493.841	1494.222	있고	[196]
144	248	4	AH0002	1495.163	1495.203	그	[]
144	248	5	AH0002	1495.324	1496.125	가부장제도가	[]
144	248	6	AH0002	1496.145	1496.165	어	[]
144	248	7	AH0002	1497.187	1497.447	굉장히	[]
144	248	8	AH0002	1497.567	1497.767	뿌리	[]
144	248	9	AH0002	1497.787	1497.988	깊기	[]
144	248	10	AH0002	1498.088	1498.449	때문에	[]
144	248	11	AH0002	1498.569	1499.51	여성들은	[]
144	248	12	AH0002	1500.051	1500.131	왜	[]
144	248	13	AH0002	1500.211	1500.472	교육을	[]
144	248	14	AH0002	1500.552	1501.013	받느냐가	[197]
144	248	15	AH0002	1501.113	1501.293	아예	[]
144	248	16	AH0002	1501.373	1501.974	근본적인	[]
144	248	17	AH0002	1502.555	1502.916	그	[]
144	248	18	AH0002	1503.256	1503.637	전제를	[]
144	248	19	AH0002	1503.717	1504.258	해놓고	[]
144	248	20	AH0002	1504.438	1504.618	하기	[]
144	248	21	AH0002	1504.718	1504.999	때문에	[]
144	248	22	AH0002	1505.019	1505.059	근데	[]
144	249	1	AH0002	1506.094	1506.234	이제	[]
144	249	2	AH0002	1506.314	1506.615	저희가	[]
144	249	3	AH0002	1506.635	1506.896	인제	[]
144	249	4	AH0002	1507.036	1507.316	거기도	[]
144	249	5	AH0002	1507.336	1507.657	이제	[]
144	249	6	AH0002	1508.018	1508.078	그	[]
144	249	7	AH0002	1509.641	1510.442	지역학습센터를	[]
144	249	8	AH0002	1510.583	1511.064	지어서	[]
144	249	9	AH0002	1511.124	1511.264	이제	[]
144	249	10	AH0002	1511.364	1511.565	거기서	[]
144	249	11	AH0002	1511.605	1511.745	이제	[]
144	249	12	AH0002	1511.845	1512.146	공부를	[]
144	249	13	AH0002	1512.747	1512.907	하고	[]
144	249	14	AH0002	1512.927	1513.228	있는데	[]
144	249	15	AH0002	1513.288	1513.789	여성들이	[]
144	249	16	AH0002	1513.889	1514.19	나와	[]
144	249	17	AH0002	1514.21	1514.47	가지고	[]
144	249	18	AH0002	1514.49	1514.671	이제	[]
144	249	19	AH0002	1514.791	1515.192	깨우치기	[]
144	249	20	AH0002	1515.252	1515.593	시작하는	[]
144	249	21	AH0002	1515.653	1515.833	거예요.	[198]
144	250	1	AH0002	1516.417	1516.697	물론	[]
144	250	2	AH0002	1516.797	1517.177	반대가	[]
144	250	3	AH0002	1517.237	1517.437	되게	[]
144	250	4	AH0002	1517.518	1517.858	많죠.	[]
144	250	5	AH0002	1517.998	1518.578	남편이	[]
144	250	6	AH0002	1518.818	1519.058	그리고	[]
144	250	7	AH0002	1519.178	1519.198	뭐	[]
144	250	8	AH0002	1520.239	1520.299	또	[]
144	250	9	AH0002	1520.399	1520.759	부모가	[]
144	250	10	AH0002	1520.879	1521.079	이제	[]
144	250	11	AH0002	1521.179	1521.519	반대를	[]
144	250	12	AH0002	1521.599	1521.819	하고	[]
144	250	13	AH0002	1521.92	1522.22	여자가	[]
144	250	14	AH0002	1522.26	1522.52	어디에	[]
144	250	15	AH0002	1522.54	1522.78	가서	[]
144	250	16	AH0002	1523.06	1523.34	공부를	[]
144	250	17	AH0002	1523.4	1523.78	하느냐.	[199]
144	250	18	AH0002	1523.86	1523.98	이렇게	[]
144	250	19	AH0002	1524.061	1524.461	하는데	[]
144	250	20	AH0002	1524.941	1525.161	그걸	[]
144	250	21	AH0002	1525.281	1525.661	풀어	[]
144	250	22	AH0002	1525.701	1525.901	헤치고	[]
144	250	23	AH0002	1525.961	1526.302	나와서	[]
144	250	24	AH0002	1526.342	1526.922	하다보니까	[200]
144	251	1	AH0002	1527.582	1527.902	단순히	[]
144	251	2	AH0002	1527.962	1528.362	이제	[]
144	251	3	AH0002	1528.563	1528.783	글을	[]
144	251	4	AH0002	1528.863	1529.123	읽고	[]
144	251	5	AH0002	1529.243	1529.403	쓰는	[]
144	251	6	AH0002	1529.503	1529.683	것뿐만	[]
144	251	7	AH0002	1529.783	1530.224	아니라	[]
144	251	8	AH0002	1530.624	1531.024	거기서	[]
144	251	9	AH0002	1531.164	1531.524	하루에	[]
144	251	10	AH0002	1531.664	1531.885	두세	[]
144	251	11	AH0002	1531.945	1532.385	시간씩	[]
144	251	12	AH0002	1532.485	1532.665	나와	[]
144	251	13	AH0002	1532.725	1533.085	가지고	[]
144	251	14	AH0002	1533.586	1533.906	소통을	[]
144	251	15	AH0002	1533.946	1534.106	하는	[]
144	251	16	AH0002	1534.186	1534.726	거예요.	[201]
144	251	17	AH0002	1534.806	1535.187	정보도	[]
144	251	18	AH0002	1535.607	1535.847	얻고	[202]
144	251	19	AH0002	1535.867	1536.227	그러게	[]
144	251	20	AH0002	1536.287	1536.447	하다	[]
144	251	21	AH0002	1536.527	1536.828	보니까	[]
144	252	1	AH0002	1537.618	1537.838	뭐	[]
144	252	2	AH0002	1537.959	1538.199	가계부	[]
144	252	3	AH0002	1538.34	1538.68	정리도	[]
144	252	4	AH0002	1538.74	1538.801	할	[]
144	252	5	AH0002	1538.921	1539.081	수도	[]
144	252	6	AH0002	1539.141	1539.442	있고	[]
144	252	7	AH0002	1539.542	1539.642	돈	[]
144	252	8	AH0002	1539.723	1540.023	관리도	[]
144	252	9	AH0002	1540.083	1540.164	할	[]
144	252	10	AH0002	1540.244	1540.304	수	[]
144	252	11	AH0002	1540.344	1541.647	있고	[]
144	252	12	AH0002	1541.667	1541.687	에	[]
144	252	13	AH0002	1541.907	1542.168	자기	[]
144	252	14	AH0002	1542.248	1542.609	역량이	[]
144	252	15	AH0002	1542.689	1542.91	생기는	[]
144	252	16	AH0002	1543.05	1543.29	거죠.	[203]
144	252	17	AH0002	1543.371	1543.671	그래서	[]
144	253	1	AH0002	1544.959	1545.4	그	[]
144	253	2	AH0002	1545.42	1545.44	이	[]
144	253	3	AH0002	1545.5	1546.283	사람들이	[]
144	253	4	AH0002	1546.463	1546.784	결국은	[]
144	253	5	AH0002	1546.824	1547.165	인제	[]
144	253	6	AH0002	1547.646	1547.747	그	[]
144	253	7	AH0002	1547.847	1548.208	사회를	[]
144	253	8	AH0002	1548.328	1548.509	이제	[]
144	253	9	AH0002	1548.749	1549.451	변화시키는	[204]
144	253	10	AH0002	1549.471	1549.692	그런	[]
144	253	11	AH0002	1549.752	1550.073	모습들을	[]
144	253	12	AH0002	1550.153	1550.233	좀	[]
144	253	13	AH0002	1550.354	1550.494	보고	[]
144	253	14	AH0002	1550.554	1551.156	있습니다.	[]
145	254	1	AH0001	1551.156	1551.236	뭐	[]
145	254	2	AH0001	1551.336	1551.697	혹시	[]
145	254	3	AH0001	1551.957	1552.297	막	[]
145	254	4	AH0001	1552.598	1553.198	남편이나	[]
145	254	5	AH0001	1553.218	1553.238	뭐	[]
145	254	6	AH0001	1553.539	1553.919	부모들이	[]
145	254	7	AH0001	1553.959	1554.219	와서	[]
145	254	8	AH0001	1554.399	1554.66	끌고	[]
145	254	9	AH0001	1554.7	1554.86	가고	[]
145	254	10	AH0001	1554.92	1555.06	그런	[]
145	254	11	AH0001	1555.2	1555.32	일들은	[]
145	254	12	AH0001	1555.38	1555.881	없습니까?	[]
146	255	1	AH0002	1555.972	1556.533	그런	[]
146	255	2	AH0002	1556.553	1557.053	것까지는	[]
146	255	3	AH0002	1557.153	1557.794	없는데	[]
146	255	4	AH0002	1557.854	1558.294	이제	[]
146	255	5	AH0002	1558.815	1559.055	그	[]
146	255	6	AH0002	1559.095	1559.375	어떤	[]
146	255	7	AH0002	1559.456	1559.836	이제	[]
146	255	8	AH0002	1559.956	1560.677	이슬람	[]
146	255	9	AH0002	1560.937	1561.197	그	[]
146	255	10	AH0002	1561.438	1562.158	커뮤니티에	[]
146	255	11	AH0002	1562.198	1562.519	이제	[]
146	255	12	AH0002	1562.539	1563.319	에	[]
146	255	13	AH0002	1563.54	1564.18	스물두	[]
146	255	14	AH0002	1564.2	1564.22	살	[]
146	255	15	AH0002	1564.501	1564.721	먹은	[]
146	255	16	AH0002	1564.741	1565.061	이제	[]
146	255	17	AH0002	1565.261	1566.302	젊은	[]
146	255	18	AH0002	1566.483	1566.923	강사가	[]
146	255	19	AH0002	1566.983	1567.424	있는데	[]
146	255	20	AH0002	1567.444	1567.464	그	[]
146	255	21	AH0002	1568.104	1568.284	강사는	[]
146	256	1	AH0002	1569.275	1569.915	얼마나	[]
146	256	2	AH0002	1569.995	1570.456	부모가	[]
146	256	3	AH0002	1570.536	1570.836	그냥	[]
146	256	4	AH0002	1571.256	1571.616	그	[]
146	256	5	AH0002	1572.116	1572.477	학대할	[]
146	256	6	AH0002	1572.577	1573.077	정도로	[]
146	256	7	AH0002	1573.497	1573.637	교육을	[]
146	256	8	AH0002	1573.857	1573.897	못	[]
146	256	9	AH0002	1573.997	1574.318	받게	[]
146	256	10	AH0002	1574.338	1575.198	했는데	[205]
146	256	11	AH0002	1575.278	1575.718	그런데도	[]
146	256	12	AH0002	1575.798	1576.038	그걸	[]
146	256	13	AH0002	1576.179	1576.619	뿌리치고	[]
146	256	14	AH0002	1576.699	1577.039	자기는	[]
146	256	15	AH0002	1577.619	1577.839	배워야	[]
146	256	16	AH0002	1577.919	1578.4	되겠다	[206]
146	256	17	AH0002	1578.42	1578.78	해가지고	[]
146	257	1	AH0002	1579.593	1580.214	억지로	[]
146	257	2	AH0002	1580.394	1580.775	억지로	[]
146	257	3	AH0002	1580.835	1580.955	해	[]
146	257	4	AH0002	1580.975	1581.456	가지고	[]
146	257	5	AH0002	1581.877	1582.037	그	[]
146	257	6	AH0002	1582.198	1583.74	나중에	[]
146	257	7	AH0002	1584.041	1584.301	그	[]
146	257	8	AH0002	1584.762	1585.063	마을에	[]
146	257	9	AH0002	1585.123	1585.484	있는	[]
146	257	10	AH0002	1586.125	1586.566	대학까지	[]
146	257	11	AH0002	1586.706	1587.267	사회학과를	[]
146	257	12	AH0002	1587.387	1587.547	졸업을	[]
146	257	13	AH0002	1587.708	1587.908	했어요	[]
146	257	14	AH0002	1588.008	1588.048	그래	[]
146	257	15	AH0002	1588.088	1588.309	가지고	[]
146	257	16	AH0002	1588.329	1588.99	다시	[]
146	257	17	AH0002	1589.01	1589.03	그	[]
146	258	1	AH0002	1589.779	1590.039	으	[]
146	258	2	AH0002	1590.22	1590.5	마을로	[]
146	258	3	AH0002	1590.58	1590.881	돌아와가지고	[207]
146	258	4	AH0002	1590.901	1591.742	애들을	[]
146	258	5	AH0002	1591.882	1592.303	가르치고	[208]
146	258	6	AH0002	1592.904	1593.205	있는데	[]
146	258	7	AH0002	1593.265	1594.086	그걸	[]
146	258	8	AH0002	1594.186	1594.707	보면서	[]
146	258	9	AH0002	1594.727	1594.747	야	[]
146	258	10	AH0002	1595.448	1595.508	그	[]
146	258	11	AH0002	1595.649	1595.829	참	[]
146	258	12	AH0002	1596.37	1596.63	그런	[]
146	258	13	AH0002	1596.771	1596.931	여러	[]
146	258	14	AH0002	1596.951	1597.291	가지	[]
146	258	15	AH0002	1597.432	1598.033	악조건에도	[209]
146	258	16	AH0002	1598.153	1598.654	불구하고	[]
146	258	17	AH0002	1598.754	1598.874	한	[]
146	258	18	AH0002	1598.934	1599.195	사람이	[]
146	258	19	AH0002	1599.335	1599.715	변하면은	[]
146	259	1	AH0002	1600.212	1600.372	이	[]
146	259	2	AH0002	1600.453	1600.613	마을	[]
146	259	3	AH0002	1600.673	1600.994	전체가	[]
146	259	4	AH0002	1601.074	1601.235	변하는구나	[]
146	259	5	AH0002	1601.255	1601.355	하는	[]
146	259	6	AH0002	1601.455	1601.937	거는	[]
146	259	7	AH0002	1601.977	1602.398	이제	[]
146	259	8	AH0002	1602.719	1603.2	실감을	[]
146	259	9	AH0002	1603.22	1603.661	했습니다.	[]
