uid	sid	wid	speaker	start	end	text	backchannels
1	1	1	AH0001	0.5	0.843	아하	[]
1	1	2	AH0001	0.985	1.429	그렇군요	[]
1	1	3	AH0001	1.53	1.833	준비하고	[]
1	1	4	AH0001	1.874	2.5	있겠습니다.	[]
1	2	1	AH0001	2.5	2.822	알아	[]
1	2	2	AH0001	2.942	3.223	두면	[]
1	2	3	AH0001	3.424	3.605	피가	[]
1	2	4	AH0001	3.666	3.846	되고	[]
1	2	5	AH0001	3.927	4.067	살이	[]
1	2	6	AH0001	4.128	4.349	되는	[]
1	2	7	AH0001	4.55	5.313	잡학사전	[]
1	2	8	AH0001	5.595	6.017	세상의	[]
1	2	9	AH0001	6.137	6.479	모든	[]
1	2	10	AH0001	6.66	6.881	상식	[]
2	3	1	AH0002	7.363	7.693	아하	[]
3	4	1	AH0001	8.167	9.013	그렇군요.	[]
3	5	1	AH0001	9.013	9.598	삼삼오오	[]
3	5	2	AH0001	9.658	10.243	잡학사전	[]
3	5	3	AH0001	10.384	10.707	아하	[]
3	5	4	AH0001	10.848	11.453	그렇군요.	[]
3	6	1	AH0001	11.453	11.715	어머	[]
3	6	2	AH0001	12.177	12.459	어서	[]
3	6	3	AH0001	12.479	12.539	오세요.	[]
4	7	1	AH0002	12.66	13.51	네.안녕하세요.	[]
5	8	1	AH0001	13.51	14.512	안녕하세요.	[]
5	9	1	AH0001	14.514	15.716	아	[]
5	9	2	AH0001	16.157	16.277	좀	[]
5	9	3	AH0001	16.517	16.938	시원해지는가	[]
5	9	4	AH0001	16.978	17.259	했드니	[]
5	9	5	AH0001	17.319	17.479	다시	[]
5	9	6	AH0001	17.519	17.82	더워져	[]
5	9	7	AH0001	17.84	17.98	가지구	[1]
5	9	8	AH0001	18.1	18.34	오늘	[]
5	9	9	AH0001	18.421	19.843	폭염주의보더라구요.	[]
5	10	1	AH0001	19.843	20.044	네.	[2]
5	10	2	AH0001	20.285	20.566	그래서	[]
5	10	3	AH0001	22.133	22.394	오시는	[]
5	10	4	AH0001	22.474	22.655	길은	[]
5	10	5	AH0001	22.876	23.418	괜찮으셨는지	[]
6	11	1	AH0002	23.58	24.082	덥더라구요.	[]
7	12	1	AH0001	25.725	26.989	솔직하시네요.	[3]
7	12	2	AH0001	27.009	27.691	바루	[]
7	12	3	AH0001	27.812	28.253	덥드라구요.	[]
8	13	1	AH0002	28.253	28.413	네.	[]
8	13	2	AH0002	28.473	28.714	그런데	[]
8	13	3	AH0002	28.754	28.894	인제	[]
8	13	4	AH0002	28.934	29.255	하늘이	[]
8	13	5	AH0002	29.315	29.656	너무	[]
8	13	6	AH0002	29.816	30.137	맑구	[]
8	13	7	AH0002	30.357	31.139	청명해서	[]
9	14	1	AH0001	31.159	31.44	구름두	[]
9	14	2	AH0001	31.56	32.784	예쁘구요.	[]
10	15	1	AH0002	32.798	33.019	차	[]
10	15	2	AH0002	33.139	33.52	자동차	[]
10	15	3	AH0002	33.56	33.64	안에	[]
10	15	4	AH0002	33.7	34.061	에어컨이	[]
10	15	5	AH0002	34.121	34.321	인제	[]
10	15	6	AH0002	34.422	35.123	시원하잖아요.	[]
11	16	1	AH0001	32.814	32.835	네.	[]
12	17	1	AH0002	35.445	35.626	마치	[]
12	17	2	AH0002	35.747	35.908	가을	[]
12	17	3	AH0002	35.969	36.996	같앴는데.	[5]
12	17	4	AH0002	37.177	37.318	문을	[]
12	17	5	AH0002	37.399	37.52	딱	[]
12	17	6	AH0002	37.6	37.963	여니까.	[]
12	18	1	AH0002	38.446	39.114	여름이더라구요.	[]
13	19	1	AH0001	39.682	40.164	네.	[]
13	19	2	AH0001	40.828	41.591	자	[]
13	19	3	AH0001	41.611	41.933	오늘은	[]
13	19	4	AH0001	42.054	42.315	어떤	[]
13	19	5	AH0001	42.375	42.697	이야기를	[]
13	19	6	AH0001	42.737	42.858	나눠	[]
13	19	7	AH0001	42.938	43.541	볼까요?	[]
14	20	1	AH0002	43.541	43.721	예.	[]
14	20	2	AH0002	43.821	44.082	그래도	[]
14	20	3	AH0002	44.182	44.322	뭐	[]
14	20	4	AH0002	44.442	44.742	낮엔	[]
14	20	5	AH0002	44.762	45.103	덥지만	[]
14	20	6	AH0002	45.143	45.924	아침저녁으론	[]
14	20	7	AH0002	46.024	46.124	뭐	[]
14	20	8	AH0002	46.264	46.364	쌀	[]
14	20	9	AH0002	46.545	46.885	선선한	[]
14	20	10	AH0002	46.965	47.125	그런	[6]
14	20	11	AH0002	47.225	47.446	바람도	[]
14	20	12	AH0002	47.526	47.766	불구	[]
14	20	13	AH0002	47.846	48.046	있어요.	[]
14	20	14	AH0002	48.086	48.727	그래서	[]
14	20	15	AH0002	48.787	49.048	여름	[]
14	20	16	AH0002	49.168	49.268	저	[]
14	20	17	AH0002	49.408	49.628	가을이	[]
14	20	18	AH0002	49.728	50.129	인제	[]
14	20	19	AH0002	50.149	50.169	에	[]
14	20	20	AH0002	50.289	50.489	오기	[]
14	20	21	AH0002	50.569	50.95	전에.	[]
14	20	22	AH0002	50.97	50.99	에	[]
14	20	23	AH0002	51.571	51.971	아이스크림	[]
14	20	24	AH0002	51.991	52.031	얘기	[]
14	20	25	AH0002	52.051	52.412	이야기를	[]
14	20	26	AH0002	52.652	52.792	좀	[]
14	20	27	AH0002	53.193	53.553	마지막으로	[]
14	20	28	AH0002	53.633	53.713	해야	[]
14	20	29	AH0002	53.773	53.833	될	[]
14	20	30	AH0002	53.853	53.873	거	[]
14	20	31	AH0002	53.954	54.354	같애서.	[]
14	20	32	AH0002	54.674	54.795	오늘	[]
14	20	33	AH0002	54.895	55.596	아이스크림에	[]
14	20	34	AH0002	55.616	55.736	대한	[]
14	20	35	AH0002	55.816	56.056	얘기를	[]
14	20	36	AH0002	56.176	56.417	준비해	[]
14	20	37	AH0002	56.477	56.817	왔습니다.	[]
15	21	1	AH0001	56.817	57.7	아이스크림요?	[]
16	22	1	AH0002	57.7	58.865	네.어	[]
16	22	2	AH0002	58.905	59.106	요즘	[]
16	22	3	AH0002	59.166	59.226	그	[]
16	22	4	AH0002	59.307	59.708	길거리에	[]
16	22	5	AH0002	59.768	59.949	보면	[]
16	22	6	AH0002	60.009	60.311	이것두	[]
16	22	7	AH0002	60.371	60.431	인제	[]
16	22	8	AH0002	60.491	60.572	제	[]
16	22	9	AH0002	60.652	60.853	아들	[]
16	22	10	AH0002	60.953	61.014	땜에	[]
16	22	11	AH0002	61.194	61.375	알게	[]
16	22	12	AH0002	61.435	61.495	된	[]
16	22	13	AH0002	61.797	62.741	일이였는데요.	[]
17	23	1	AH0001	63.342	63.523	좋은	[]
17	23	2	AH0001	63.583	64.546	아빠예요.	[7]
17	23	3	AH0001	64.686	64.927	시간을	[]
17	23	4	AH0001	64.987	65.167	많이	[]
17	23	5	AH0001	65.228	65.809	함께해주는	[]
17	23	6	AH0001	65.91	66.07	좋은	[]
17	23	7	AH0001	66.11	66.712	아빠.	[]
18	24	1	AH0002	66.713	67.036	그러니깐요.	[]
18	25	1	AH0002	67.36	67.4	뭐	[]
18	25	2	AH0002	67.821	68.182	뭐	[]
18	25	3	AH0002	68.503	68.563	그	[]
18	25	4	AH0002	68.603	68.863	아이가	[]
18	25	5	AH0002	68.944	69.284	판단해야	[]
18	25	6	AH0002	69.365	69.485	될	[]
18	25	7	AH0002	69.565	69.846	문제긴	[]
18	25	8	AH0002	69.926	70.347	하지만.	[]
18	25	9	AH0002	71.209	71.309	어	[]
18	25	10	AH0002	71.389	71.569	요즘	[]
18	25	11	AH0002	71.63	71.71	뭐	[]
18	25	12	AH0002	71.79	72.411	길거리에	[]
18	25	13	AH0002	72.492	72.672	보게	[]
18	25	14	AH0002	72.712	72.912	되면	[]
18	25	15	AH0002	72.953	73.073	이제	[]
18	25	16	AH0002	73.153	73.794	아이스크림만	[8]
18	25	17	AH0002	73.895	74.235	판매하는	[]
18	25	18	AH0002	74.316	74.496	그런	[]
18	25	19	AH0002	74.516	74.777	가게가	[]
18	25	20	AH0002	74.857	75.097	굉장히	[]
18	25	21	AH0002	75.137	75.318	많이	[]
18	25	22	AH0002	75.358	75.619	생겼어요.	[]
19	26	1	AH0001	75.55	75.632	어.	[]
19	26	2	AH0001	75.714	76.225	맞아요.	[]
20	27	1	AH0002	76.26	76.861	네.그래서	[]
20	27	2	AH0002	77.201	77.442	하루는	[]
20	27	3	AH0002	77.522	77.542	제	[]
20	27	4	AH0002	77.642	78.023	아들이	[]
20	27	5	AH0002	78.423	80.286	@상호명1라는	[]
20	27	6	AH0002	80.487	81.468	아이스크림	[]
20	27	7	AH0002	81.588	81.869	가게가	[]
20	27	8	AH0002	81.929	82.329	있다고	[]
20	27	9	AH0002	83.251	83.531	거기를	[]
20	27	10	AH0002	83.632	83.932	가자고	[]
20	27	11	AH0002	83.992	84.152	해서	[]
20	27	12	AH0002	84.252	84.313	가	[]
20	27	13	AH0002	84.373	84.773	봤더니	[9]
20	27	14	AH0002	84.873	85.394	정말로	[]
20	27	15	AH0002	85.534	85.555	예.	[]
20	28	1	AH0002	85.875	86.015	그	[]
20	28	2	AH0002	86.155	86.376	정말	[]
20	28	3	AH0002	86.476	86.997	냉장고만	[]
20	28	4	AH0002	86.997	87.518	쫙	[]
20	28	5	AH0002	87.518	87.878	있는	[]
20	28	6	AH0002	88.079	88.439	거예요	[]
20	28	7	AH0002	88.459	88.479	한	[]
20	28	8	AH0002	88.539	88.7	열	[]
20	28	9	AH0002	88.72	88.74	대	[]
20	28	10	AH0002	88.76	88.8	이상.	[]
21	29	1	AH0001	88.86	89.244	있어요.	[]
22	30	1	AH0002	89.607	89.828	그래서	[]
22	30	2	AH0002	90.231	90.815	아이스크림을	[]
22	30	3	AH0002	90.875	91.076	정말	[]
23	31	1	AH0001	91.157	91.382	규모는	[]
23	31	2	AH0001	91.423	91.852	아니지만	[]
24	32	1	AH0002	92.22	92.445	싸게	[]
24	32	2	AH0002	92.588	92.773	파는	[]
25	33	1	AH0001	93.1	93.85	그	[]
25	33	2	AH0001	94.073	94.256	왜	[]
25	33	3	AH0001	94.276	94.317	그런	[]
25	33	4	AH0001	94.337	94.398	거예요?	[]
26	34	1	AH0002	94.398	94.519	그게	[]
26	34	2	AH0002	94.579	94.76	인제	[]
26	34	3	AH0002	94.841	94.901	그	[]
26	34	4	AH0002	94.942	95.163	얘기를	[]
26	34	5	AH0002	95.223	95.324	좀	[]
26	34	6	AH0002	95.344	95.485	지금	[]
26	34	7	AH0002	95.505	95.747	오늘	[10]
26	34	8	AH0002	95.807	95.847	제가	[]
26	34	9	AH0002	95.888	96.169	할려고	[]
26	34	10	AH0002	96.19	97.176	하는데요.	[]
26	35	1	AH0002	97.356	97.656	어	[]
26	35	2	AH0002	97.756	97.997	일단	[]
26	35	3	AH0002	98.077	98.177	그	[]
26	35	4	AH0002	98.257	98.898	아이스크림이	[]
26	35	5	AH0002	98.918	98.938	반	[]
26	35	6	AH0002	99.138	99.218	값	[]
26	35	7	AH0002	99.478	100.159	아이스크림이라고	[]
26	35	8	AH0002	100.219	100.279	할	[]
26	35	9	AH0002	100.419	100.86	정도로	[]
26	35	10	AH0002	100.88	100.9	뭐	[]
26	35	11	AH0002	101.14	101.38	거의	[]
26	35	12	AH0002	101.521	101.741	오십	[]
26	35	13	AH0002	101.861	102.321	퍼센트에서	[]
26	35	14	AH0002	102.442	102.662	팔십	[]
26	35	15	AH0002	102.782	103.122	퍼센트	[]
26	35	16	AH0002	103.222	103.403	가량	[]
26	35	17	AH0002	103.543	103.843	굉장히	[]
26	35	18	AH0002	103.963	104.444	저렴한	[]
26	35	19	AH0002	104.904	105.345	그릏게	[]
26	35	20	AH0002	105.505	105.785	판매를	[]
26	35	21	AH0002	105.825	105.965	하구	[]
26	35	22	AH0002	105.985	107.447	있는데요.	[11]
26	36	1	AH0002	107.498	107.718	어	[]
26	36	2	AH0002	107.838	108.279	아이들이	[]
26	36	3	AH0002	108.339	108.499	인제	[]
26	36	4	AH0002	108.579	108.96	좋아하는	[]
26	36	5	AH0002	109.1	109.36	그	[]
26	36	6	AH0002	109.48	109.821	이	[]
26	36	7	AH0002	109.841	109.861	이	[]
26	36	8	AH0002	110.181	110.341	바	[]
26	36	9	AH0002	110.361	110.722	형태로	[]
26	36	10	AH0002	110.782	110.922	되어	[]
26	36	11	AH0002	110.962	111.963	있는	[]
26	36	12	AH0002	112.844	112.964	뭐	[]
26	36	13	AH0002	112.984	113.004	저	[]
26	36	14	AH0002	113.084	113.525	멜론맛	[]
26	36	15	AH0002	113.605	113.765	나는	[]
26	36	16	AH0002	113.825	113.966	그런	[]
26	36	17	AH0002	114.586	114.867	아이스크림	[]
26	36	18	AH0002	114.887	114.907	바	[]
26	36	19	AH0002	114.927	114.967	같은	[]
26	36	20	AH0002	114.987	115.007	거	[]
26	36	21	AH0002	115.027	115.127	있잖아요.	[]
26	37	1	AH0002	115.247	115.428	이런	[]
26	37	2	AH0002	115.488	115.548	거에	[]
26	37	3	AH0002	115.648	115.849	같은	[]
26	37	4	AH0002	115.929	116.17	경우는	[]
26	37	5	AH0002	116.29	116.711	한	[]
26	37	6	AH0002	116.731	116.932	보통	[]
26	37	7	AH0002	117.032	117.493	편의점에서	[]
26	37	8	AH0002	117.574	117.674	천	[]
26	37	9	AH0002	117.714	117.774	원	[]
26	37	10	AH0002	117.854	117.955	정도	[]
26	37	11	AH0002	118.115	118.436	하는데	[]
26	37	12	AH0002	118.617	118.837	여기는	[]
26	37	13	AH0002	118.897	119.158	사백	[]
26	37	14	AH0002	119.218	119.72	원이면	[]
26	37	15	AH0002	119.74	119.76	살	[]
26	37	16	AH0002	119.84	119.96	수가	[]
26	37	17	AH0002	119.981	120.502	있습니다.	[]
27	38	1	AH0001	120.502	121.167	왜	[]
27	38	2	AH0001	121.429	121.489	그렇지?	[]
28	39	1	AH0002	121.57	122.113	예.이렇게	[]
28	39	2	AH0002	122.213	122.233	반	[]
28	39	3	AH0002	122.435	122.555	값	[]
28	39	4	AH0002	122.736	123.078	이하로	[]
28	39	5	AH0002	123.299	123.862	팔아요.	[]
28	40	1	AH0002	123.863	124.164	그리고	[]
28	40	2	AH0002	124.645	124.945	어	[]
28	40	3	AH0002	125.106	125.226	월	[]
28	40	4	AH0002	125.466	125.567	저	[]
28	40	5	AH0002	125.667	125.787	그	[]
28	40	6	AH0002	125.847	126.088	어떤	[]
28	40	7	AH0002	126.428	127.03	콘처럼	[12]
28	40	8	AH0002	127.35	127.671	되어있는	[]
28	40	9	AH0002	127.751	127.791	거	[]
28	40	10	AH0002	127.871	128.032	있잖아요.	[]
28	40	11	AH0002	128.112	128.292	이거	[]
28	40	12	AH0002	128.332	128.392	한	[]
28	40	13	AH0002	128.472	128.753	천오백	[]
28	40	14	AH0002	128.793	128.853	원	[]
28	40	15	AH0002	128.913	129.134	정도	[]
28	40	16	AH0002	129.214	129.635	편의점에서	[]
28	40	17	AH0002	129.735	130.096	파는데.	[]
28	40	18	AH0002	130.296	130.417	여기는	[]
28	40	19	AH0002	130.597	131.218	육백오십	[]
28	40	20	AH0002	131.298	131.599	원이면	[]
28	40	21	AH0002	132.04	132.12	살	[]
28	40	22	AH0002	132.3	132.401	수	[]
28	40	23	AH0002	132.481	133.082	있습니다.	[]
28	41	1	AH0002	133.083	133.285	그래서	[]
28	41	2	AH0002	133.648	133.91	저두	[]
28	41	3	AH0002	134.071	134.152	가	[]
28	41	4	AH0002	134.192	135.342	봤는데요.	[]
28	42	1	AH0002	135.342	135.643	하나	[]
28	42	2	AH0002	135.724	135.884	사러	[]
28	42	3	AH0002	135.925	136.347	갔는데	[]
28	42	4	AH0002	136.668	136.829	여러	[]
28	42	5	AH0002	136.849	136.909	개	[]
28	42	6	AH0002	136.99	137.13	사게	[]
28	42	7	AH0002	137.271	137.492	되는	[]
29	43	1	AH0001	137.753	138.177	그렇기는	[]
29	43	2	AH0001	138.278	138.783	해요.	[]
29	44	1	AH0001	138.783	138.983	워낙	[13]
29	44	2	AH0001	139.123	139.364	싸구	[]
29	44	3	AH0001	139.464	139.584	그게	[]
29	44	4	AH0001	139.704	140.666	기회니까.	[14]
29	44	5	AH0001	140.886	141.427	근데	[]
29	44	6	AH0001	141.447	141.607	그르믄	[]
29	44	7	AH0001	142.127	142.788	그	[]
29	44	8	AH0001	142.888	143.049	근데	[]
29	44	9	AH0001	143.169	143.229	그	[]
29	44	10	AH0001	143.85	144.01	저희	[]
29	44	11	AH0001	144.11	144.471	동네에	[]
29	44	12	AH0001	144.591	144.791	그런	[]
29	44	13	AH0001	145.051	145.111	뭐	[]
29	44	14	AH0001	145.172	145.292	한	[]
29	44	15	AH0001	145.512	145.933	냉장고	[]
29	44	16	AH0001	145.953	145.973	한	[]
29	44	17	AH0001	146.033	146.073	서	[]
29	44	18	AH0001	146.193	146.313	세	[]
29	44	19	AH0001	146.333	146.353	개	[]
29	44	20	AH0001	146.393	146.674	정도	[]
29	44	21	AH0001	146.694	146.994	이렇게	[15]
29	44	22	AH0001	147.374	147.555	해서.	[]
29	44	23	AH0001	147.575	147.715	이렇게	[]
29	44	24	AH0001	147.835	148.396	코너에	[16]
29	44	25	AH0001	148.516	149.097	아이스크림만	[]
29	44	26	AH0001	149.177	149.337	파는	[]
29	44	27	AH0001	149.437	149.698	가게가	[]
29	44	28	AH0001	149.738	150.078	있는데.	[17]
29	45	1	AH0001	151.369	151.85	그렇다구	[]
29	45	2	AH0001	151.89	152.11	해서	[]
29	45	3	AH0001	152.27	152.851	싸니깐	[]
29	45	4	AH0001	152.971	153.052	뭐	[]
29	45	5	AH0001	153.092	153.212	열	[]
29	45	6	AH0001	153.332	153.432	개	[]
29	45	7	AH0001	153.452	153.893	이상씩	[]
29	45	8	AH0001	154.033	154.534	사세요	[]
29	45	9	AH0001	154.554	154.574	뭐	[]
29	45	10	AH0001	154.634	154.814	이런	[]
29	45	11	AH0001	154.894	155.095	데는	[]
29	45	12	AH0001	155.155	155.856	아니거든요?	[]
30	46	1	AH0002	155.857	157.338	네.그렇죠.	[]
31	47	1	AH0001	157.338	157.52	한	[]
31	47	2	AH0001	157.581	157.743	개씩	[]
31	47	3	AH0001	157.824	158.026	사두	[]
31	47	4	AH0001	158.087	158.613	되거등요?	[]
32	48	1	AH0002	158.613	158.633	한	[]
32	48	2	AH0002	158.754	158.976	개씩	[]
32	48	3	AH0002	159.036	159.359	사두	[]
32	48	4	AH0002	160.126	160.186	됩니다.	[]
32	49	1	AH0002	160.188	160.57	예.그러니까	[]
32	49	2	AH0002	160.69	160.75	인제	[]
32	49	3	AH0002	160.811	160.991	많은	[]
32	49	4	AH0002	161.092	161.313	분들이	[]
32	49	5	AH0002	161.353	161.493	인제	[]
32	49	6	AH0002	161.574	162.276	저도	[]
32	49	7	AH0002	162.638	162.678	또	[]
32	49	8	AH0002	162.779	163.16	궁금증이	[]
32	49	9	AH0002	163.2	163.742	있어서	[18]
32	49	10	AH0002	163.762	164.084	조사를	[]
32	49	11	AH0002	164.104	164.224	해본	[]
32	49	12	AH0002	164.325	164.626	건데요.	[]
32	50	1	AH0002	164.627	164.807	많은	[]
32	50	2	AH0002	164.887	165.308	분들이	[]
32	50	3	AH0002	165.328	165.348	이	[]
32	50	4	AH0002	165.608	166.109	주변에서두	[]
32	50	5	AH0002	166.229	166.269	인제	[]
32	50	6	AH0002	166.329	166.729	인터넷두	[]
32	50	7	AH0002	166.809	166.97	보게	[]
32	50	8	AH0002	167.01	167.31	되면	[]
32	50	9	AH0002	167.71	168.011	혹시	[]
32	50	10	AH0002	168.111	168.511	제품의	[]
32	50	11	AH0002	168.631	168.992	품질에	[]
32	50	12	AH0002	169.112	169.252	문제가	[]
32	50	13	AH0002	169.352	169.712	있지	[]
32	50	14	AH0002	169.793	169.833	않나	[]
33	51	1	AH0001	170.213	170.354	예를	[]
33	51	2	AH0001	170.414	170.856	들어서	[]
33	51	3	AH0001	171.378	173.185	오래	[]
33	51	4	AH0001	173.286	173.547	얼렸던	[]
33	51	5	AH0001	173.788	174.109	건가	[]
33	51	6	AH0001	174.27	174.45	이런	[]
33	51	7	AH0001	174.511	174.812	생각은	[]
33	51	8	AH0001	174.912	175.354	들어요.	[]
34	52	1	AH0002	175.354	176.015	네.그	[]
34	52	2	AH0002	176.155	176.415	또는	[]
34	52	3	AH0002	176.555	176.775	뭐	[]
34	52	4	AH0002	177.196	177.376	이게	[]
34	52	5	AH0002	177.476	177.556	좀	[]
34	52	6	AH0002	177.616	178.197	이렇게	[]
34	52	7	AH0002	178.217	178.237	에	[]
34	52	8	AH0002	178.557	178.958	정품이	[]
34	52	9	AH0002	178.998	179.258	아니라	[]
34	52	10	AH0002	179.338	179.378	뭐	[]
34	52	11	AH0002	179.498	180.139	비품인가	[]
34	52	12	AH0002	180.199	180.219	뭐	[19]
34	52	13	AH0002	180.319	180.599	이런	[]
34	52	14	AH0002	180.719	180.92	예	[]
34	52	15	AH0002	181.04	181.34	생각도	[]
34	52	16	AH0002	181.4	181.56	많이	[]
34	52	17	AH0002	181.64	182.261	드는데요.	[]
34	53	1	AH0002	182.466	183.007	실질적으로	[]
34	53	2	AH0002	183.087	183.147	그	[]
34	53	3	AH0002	183.268	183.729	부분에	[]
34	53	4	AH0002	183.789	183.949	대해서	[]
34	53	5	AH0002	183.989	184.19	인제	[]
34	53	6	AH0002	184.25	184.33	좀	[]
34	53	7	AH0002	184.41	184.571	제가	[]
34	53	8	AH0002	184.651	184.791	좀	[]
34	53	9	AH0002	184.951	185.292	조사를	[]
34	53	10	AH0002	185.392	185.452	해	[]
34	53	11	AH0002	185.493	185.954	봤더니.	[20]
34	53	12	AH0002	186.455	186.575	에	[]
34	53	13	AH0002	186.775	186.936	반	[]
34	53	14	AH0002	187.056	187.296	값에	[]
34	53	15	AH0002	187.397	187.757	판매할	[]
34	53	16	AH0002	187.858	187.918	수	[]
34	53	17	AH0002	187.958	188.158	있는	[]
34	53	18	AH0002	188.218	188.659	이유가.	[]
34	53	19	AH0002	188.679	188.699	아	[]
34	54	1	AH0002	188.97	189.33	빙과	[]
34	54	2	AH0002	189.37	189.891	업체하구	[]
34	54	3	AH0002	190.051	190.872	직거래를	[]
34	54	4	AH0002	191.012	191.172	하기	[]
34	54	5	AH0002	191.272	191.793	때문에.	[21]
34	54	6	AH0002	192.513	192.734	유통	[]
34	54	7	AH0002	192.794	193.054	마진이	[]
34	54	8	AH0002	193.154	193.394	굉장히	[]
34	54	9	AH0002	193.434	193.594	많이	[]
34	54	10	AH0002	193.815	194.135	줄고	[]
34	54	11	AH0002	194.195	194.595	있다고	[22]
34	54	12	AH0002	194.816	195.276	합니다.	[]
34	55	1	AH0002	195.276	195.516	그래서	[]
34	55	2	AH0002	195.997	196.157	어	[]
34	55	3	AH0002	196.237	196.418	이런	[]
34	55	4	AH0002	196.498	196.938	매장에서는	[]
34	55	5	AH0002	196.978	197.219	인제	[]
34	55	6	AH0002	197.279	197.88	아이스크림만	[]
34	55	7	AH0002	198.0	198.04	또	[]
34	55	8	AH0002	198.2	198.6	판매하기	[]
34	55	9	AH0002	198.721	199.101	때문에.	[23]
34	55	10	AH0002	199.522	199.742	어떤	[]
34	55	11	AH0002	199.862	199.982	그	[]
34	55	12	AH0002	200.123	200.223	이	[]
34	55	13	AH0002	200.423	200.663	비용	[]
34	55	14	AH0002	200.803	201.064	그러니까	[]
34	55	15	AH0002	201.124	201.745	인테리어도	[]
34	55	16	AH0002	201.865	202.346	인테리어도	[]
34	55	17	AH0002	202.386	202.686	없어요.	[]
34	56	1	AH0002	202.687	202.869	그냥	[]
34	56	2	AH0002	203.212	203.879	냉동고만	[]
34	56	3	AH0002	203.899	204.384	있습니다.	[]
35	57	1	AH0001	204.384	204.668	전기만	[]
35	57	2	AH0001	204.749	204.952	꽂으면	[]
35	57	3	AH0001	205.013	205.581	돼요.네.	[]
36	58	1	AH0002	205.966	206.506	거기에다가	[]
36	58	2	AH0002	206.606	206.646	또	[]
36	58	3	AH0002	206.706	206.946	인제	[]
36	58	4	AH0002	207.167	207.387	에	[]
36	58	5	AH0002	207.407	207.627	굉장히	[]
36	58	6	AH0002	207.667	207.927	많은	[]
36	58	7	AH0002	208.067	208.147	그	[]
36	58	8	AH0002	208.227	208.727	아이스크림만	[]
36	58	9	AH0002	208.827	209.168	판매하기	[]
36	58	10	AH0002	209.268	209.588	때문에.	[]
36	58	11	AH0002	209.708	209.968	어떤	[]
36	58	12	AH0002	210.348	210.588	어	[]
36	58	13	AH0002	211.048	211.249	재고	[]
36	58	14	AH0002	211.289	211.749	관리라든지	[]
36	58	15	AH0002	211.809	211.949	이런	[]
36	58	16	AH0002	212.009	212.089	게	[]
36	58	17	AH0002	212.149	212.169	또	[]
36	58	18	AH0002	212.249	212.649	아이스크림이	[]
36	58	19	AH0002	212.729	212.949	재고	[]
36	58	20	AH0002	213.009	213.27	관리가	[]
36	58	21	AH0002	213.35	213.41	또	[]
36	58	22	AH0002	213.49	213.87	굉장히	[]
36	58	23	AH0002	214.05	214.15	좀	[]
36	58	24	AH0002	214.31	214.61	편한	[24]
36	58	25	AH0002	215.391	215.711	측면이	[]
36	58	26	AH0002	216.011	216.151	있잖아요.	[]
36	59	1	AH0002	216.188	216.748	전기만	[]
36	59	2	AH0002	216.828	217.189	정전만	[25]
36	59	3	AH0002	217.249	217.429	안	[]
36	59	4	AH0002	217.469	217.749	되면	[]
36	59	5	AH0002	218.209	218.37	되는	[]
36	59	6	AH0002	218.43	218.63	부분이	[]
36	59	7	AH0002	218.65	218.97	있어서.	[]
36	59	8	AH0002	218.99	219.11	그래서	[]
36	59	9	AH0002	219.55	219.711	이런	[]
36	59	10	AH0002	219.751	219.971	어떤	[]
36	59	11	AH0002	220.111	220.351	관리	[]
36	59	12	AH0002	220.451	221.052	비용들이	[]
36	59	13	AH0002	221.092	221.272	인제	[]
36	59	14	AH0002	221.352	221.672	굉장히	[]
36	59	15	AH0002	221.792	221.972	그	[]
36	59	16	AH0002	222.573	222.973	절감할	[]
36	59	17	AH0002	223.053	223.113	수	[]
36	59	18	AH0002	223.133	223.293	있기	[]
36	59	19	AH0002	223.393	223.673	때문에	[]
36	59	20	AH0002	223.814	223.834	반	[26]
36	59	21	AH0002	224.074	224.294	값이	[]
36	59	22	AH0002	224.454	224.954	가능하다	[]
36	59	23	AH0002	225.134	225.415	이렇게	[]
36	59	24	AH0002	225.435	225.455	에	[]
36	59	25	AH0002	225.755	225.975	얘기를	[]
36	59	26	AH0002	226.015	226.155	하구	[]
36	59	27	AH0002	226.175	226.996	있는데요.	[27]
36	59	28	AH0002	227.316	227.556	하지만	[]
36	59	29	AH0002	227.616	227.696	그	[]
36	59	30	AH0002	227.756	227.876	이	[]
36	59	31	AH0002	227.977	228.217	얘기를	[]
36	59	32	AH0002	228.317	228.597	소비자	[]
36	59	33	AH0002	228.617	228.917	입장에서	[]
36	59	34	AH0002	228.977	229.157	한번	[]
36	59	35	AH0002	229.298	229.718	뒤집어	[]
36	59	36	AH0002	229.818	229.918	볼	[]
36	59	37	AH0002	230.038	230.438	필요가	[]
36	59	38	AH0002	230.558	231.339	있습니다.	[]
36	60	1	AH0002	231.339	231.559	왜	[28]
36	60	2	AH0002	231.799	232.36	그러냐면은	[]
36	60	3	AH0002	232.84	233.061	어	[]
36	60	4	AH0002	233.241	233.461	이	[]
36	60	5	AH0002	233.581	234.082	정도	[]
36	60	6	AH0002	234.262	234.883	값으로	[]
36	60	7	AH0002	234.903	234.923	사	[]
36	60	8	AH0002	235.183	235.383	먹을	[]
36	60	9	AH0002	235.483	235.543	수	[]
36	60	10	AH0002	235.563	236.004	있었던	[]
36	60	11	AH0002	236.104	236.965	아이스크림을	[]
36	60	12	AH0002	237.285	237.605	저희는	[]
36	60	13	AH0002	238.426	238.866	그동안에는	[]
36	60	14	AH0002	238.886	239.067	이제	[]
36	60	15	AH0002	239.107	239.387	정상	[]
36	60	16	AH0002	239.447	239.707	가격을	[]
36	60	17	AH0002	239.767	239.907	주고	[]
36	60	18	AH0002	239.968	240.068	사	[]
36	60	19	AH0002	240.108	240.548	먹었었던	[]
36	60	20	AH0002	240.608	241.449	거잖아요.	[]
37	61	1	AH0001	241.45	241.592	그리구	[]
37	61	2	AH0001	241.694	241.897	그게	[]
37	61	3	AH0001	241.979	242.162	더	[]
37	61	4	AH0001	242.284	242.894	화나죠.	[]
38	62	1	AH0002	242.894	243.229	그렇죠.	[]
38	63	1	AH0002	243.334	243.681	그동안에	[]
38	63	2	AH0002	243.763	243.967	계속	[]
39	64	1	AH0001	244.334	244.706	뭐지?	[]
40	65	1	AH0002	244.964	245.625	예.유통	[]
40	65	2	AH0002	245.665	246.025	마진이	[]
40	65	3	AH0002	246.125	246.466	굉장히	[]
40	65	4	AH0002	246.546	246.786	컸든	[]
40	65	5	AH0002	246.826	246.886	게	[]
40	65	6	AH0002	246.926	247.527	아니냐	[]
40	65	7	AH0002	247.627	247.888	인제	[]
40	65	8	AH0002	247.928	248.428	이렇게	[]
40	65	9	AH0002	248.548	248.869	에	[]
40	65	10	AH0002	248.889	249.39	의아하게	[]
40	65	11	AH0002	249.43	249.79	생각할	[]
40	65	12	AH0002	249.87	249.91	수	[]
40	65	13	AH0002	249.95	250.07	있는	[]
40	65	14	AH0002	250.171	250.511	부분도	[]
40	65	15	AH0002	251.012	251.332	분명히	[]
40	65	16	AH0002	251.412	251.773	존재를	[]
40	65	17	AH0002	251.833	252.173	합니다.	[]
41	66	1	AH0001	252.173	252.995	육백오십	[]
41	66	2	AH0001	253.075	253.817	원을	[]
41	66	3	AH0001	254.158	254.579	편의점에서	[]
41	66	4	AH0001	254.639	254.859	천오백	[]
41	66	5	AH0001	254.959	255.34	원인데	[]
41	66	6	AH0001	255.521	255.801	그	[]
41	66	7	AH0001	255.962	256.282	아이스크림	[]
41	66	8	AH0001	256.343	256.683	가게에서	[]
41	66	9	AH0001	256.764	257.164	육백오십	[]
41	66	10	AH0001	257.205	257.285	원에	[]
41	66	11	AH0001	257.345	257.445	살	[]
41	66	12	AH0001	257.525	257.585	수	[]
41	66	13	AH0001	257.625	258.307	있으면.	[29]
41	66	14	AH0001	258.848	259.089	유통	[]
41	66	15	AH0001	259.109	259.349	마진	[]
41	66	16	AH0001	259.47	259.57	두	[]
41	66	17	AH0001	259.67	259.75	배	[]
41	66	18	AH0001	259.79	260.472	이상이에요.	[]
42	67	1	AH0002	260.474	260.657	그렇게	[]
42	67	2	AH0002	260.698	260.8	된	[]
42	67	3	AH0002	260.881	261.227	거죠.	[]
42	68	1	AH0002	261.228	261.65	또	[]
42	68	2	AH0002	261.75	262.112	이것도	[]
42	68	3	AH0002	262.313	262.976	남으니까	[]
42	68	4	AH0002	262.996	263.017	또	[]
42	68	5	AH0002	263.057	263.157	이	[]
42	68	6	AH0002	263.278	263.599	값에	[]
43	69	1	AH0001	263.741	264.045	게다가	[]
43	69	2	AH0001	264.106	264.654	남아야죠.	[]
44	70	1	AH0002	264.654	265.299	하겠죠.	[]
44	71	1	AH0002	265.299	266.443	예.그러니까	[]
45	72	1	AH0001	266.684	266.888	그렇죠.	[]
46	73	1	AH0002	267.153	268.136	예.지금까지	[]
46	73	2	AH0002	268.276	268.618	우리가	[]
46	73	3	AH0002	268.638	268.658	사	[]
46	73	4	AH0002	268.979	269.54	먹었었던	[]
46	73	5	AH0002	269.641	269.902	부분에	[]
46	73	6	AH0002	269.982	270.223	대해서는	[]
46	73	7	AH0002	270.303	270.524	유통	[]
46	73	8	AH0002	270.584	270.865	마진이	[]
46	73	9	AH0002	270.965	271.186	굉장히	[]
46	73	10	AH0002	271.246	271.366	많이	[]
46	73	11	AH0002	271.466	271.527	껴	[]
46	73	12	AH0002	271.547	271.888	있었던	[]
46	73	13	AH0002	271.948	272.189	거	[30]
46	73	14	AH0002	272.289	272.51	아니냐	[]
46	73	15	AH0002	272.59	272.771	이제	[]
46	73	16	AH0002	272.791	272.851	이런	[]
46	73	17	AH0002	272.871	273.372	부분들이	[]
46	73	18	AH0002	273.413	273.894	있는데요.	[]
47	74	1	AH0001	268.633	269.383	신기하다.	[]
48	75	1	AH0002	273.894	274.475	어	[31]
48	75	2	AH0002	274.615	274.856	그렇다	[]
48	75	3	AH0002	274.916	275.197	보니까	[]
48	75	4	AH0002	275.217	275.357	인제	[]
48	75	5	AH0002	275.497	275.637	반	[]
48	75	6	AH0002	275.778	275.878	값	[]
48	75	7	AH0002	275.958	276.439	아이스크림에	[]
48	75	8	AH0002	276.519	276.8	담겨	[]
48	75	9	AH0002	276.84	277.04	있는	[]
48	75	10	AH0002	277.18	277.661	불편한	[]
48	75	11	AH0002	277.782	278.182	진실인	[]
48	75	12	AH0002	278.263	278.743	겁니다	[32]
48	75	13	AH0002	278.804	278.904	이게	[]
48	75	14	AH0002	278.984	279.365	결국은.	[]
48	76	1	AH0002	279.547	279.808	그러다	[]
48	76	2	AH0002	279.848	280.188	보니까	[]
48	76	3	AH0002	280.649	280.91	주변	[]
48	76	4	AH0002	281.03	281.551	편의점이나	[]
48	76	5	AH0002	281.651	281.832	대형	[]
48	76	6	AH0002	281.912	282.273	마트는	[]
48	76	7	AH0002	282.533	282.934	아이스크림이	[]
48	76	8	AH0002	283.014	283.215	오히려	[]
48	76	9	AH0002	283.255	283.315	안	[]
48	76	10	AH0002	283.435	283.776	팔리는	[]
48	76	11	AH0002	283.896	284.277	인제	[]
48	76	12	AH0002	284.397	284.758	기현상이	[]
48	76	13	AH0002	284.818	285.219	벌어지는	[]
48	76	14	AH0002	285.279	285.7	거죠.	[]
48	77	1	AH0002	285.845	285.965	왜냐면	[]
48	77	2	AH0002	286.045	286.506	아이스크림은	[]
48	77	3	AH0002	286.566	286.766	전부	[]
48	77	4	AH0002	286.826	286.946	다	[]
48	77	5	AH0002	287.407	287.467	아	[]
48	77	6	AH0002	287.567	287.667	반	[]
48	77	7	AH0002	287.727	287.787	값	[]
48	77	8	AH0002	287.807	288.308	아이스크림	[]
48	77	9	AH0002	288.448	288.909	할인점에서	[]
48	77	10	AH0002	288.969	289.149	인제	[]
48	77	11	AH0002	289.249	289.329	사	[]
48	77	12	AH0002	289.389	289.589	먹게	[]
48	77	13	AH0002	289.67	289.81	되는	[]
48	77	14	AH0002	289.89	290.07	이제	[]
48	77	15	AH0002	290.33	290.491	이런	[]
48	77	16	AH0002	290.611	291.031	분위기라.	[]
48	77	17	AH0002	291.552	291.812	주변	[]
48	77	18	AH0002	291.872	292.413	상권에서는	[]
48	77	19	AH0002	292.513	292.733	굉장히	[]
48	77	20	AH0002	292.853	293.694	못마땅하게.	[]
48	77	21	AH0002	294.055	294.115	에	[]
48	77	22	AH0002	294.215	294.455	그런	[]
48	77	23	AH0002	294.876	294.936	어	[]
48	77	24	AH0002	295.016	295.276	생각을	[]
48	77	25	AH0002	295.336	295.497	하구	[]
48	77	26	AH0002	295.537	295.677	있는	[]
48	77	27	AH0002	295.717	295.737	거.	[]
49	78	1	AH0001	295.837	295.977	아니	[]
49	78	2	AH0001	296.017	296.218	근데	[]
49	78	3	AH0001	296.318	296.459	그럴	[]
49	78	4	AH0001	296.539	296.84	수밖에	[]
49	78	5	AH0001	296.9	297.14	없는	[]
49	78	6	AH0001	297.241	297.642	게	[]
49	78	7	AH0001	297.662	297.682	아	[]
49	78	8	AH0001	298.002	298.303	소비자	[]
49	78	9	AH0001	298.343	299.045	입장에서야	[33]
49	78	10	AH0001	299.386	299.586	같은	[]
49	78	11	AH0001	299.667	300.248	물건을	[34]
49	78	12	AH0001	300.89	301.15	싸게	[]
49	78	13	AH0001	301.17	301.19	살	[]
49	78	14	AH0001	301.271	301.331	수	[]
49	78	15	AH0001	301.371	301.652	있는데	[]
50	79	1	AH0002	296.262	296.444	있기도	[]
50	79	2	AH0002	296.464	296.808	합니다.	[]
50	79	3	AH0002	296.828	296.848	네.	[]
50	80	1	AH0002	301.827	302.322	그러니깐요.	[]
51	81	1	AH0001	302.467	303.397	굳이	[]
51	81	2	AH0001	303.68	304.307	그찮아요?	[]
52	82	1	AH0002	304.307	305.447	맞아요.	[]
52	83	1	AH0002	305.447	305.65	근데	[]
52	83	2	AH0002	305.711	306.159	단점두	[]
52	83	3	AH0002	306.2	306.83	있드라구요.	[]
52	84	1	AH0002	306.83	307.171	왜냐면	[]
52	84	2	AH0002	307.513	307.573	한	[]
52	84	3	AH0002	307.633	307.814	개만	[]
52	84	4	AH0002	307.894	308.196	먹어도	[]
52	84	5	AH0002	308.296	308.376	될	[]
52	84	6	AH0002	308.517	308.758	걸	[]
52	84	7	AH0002	308.999	309.32	사다가	[]
52	84	8	AH0002	309.381	309.642	냉장고에	[]
52	84	9	AH0002	309.702	309.782	넣어	[]
52	84	10	AH0002	309.822	310.345	놓으니까	[]
52	84	11	AH0002	310.746	311.027	저녁에	[]
52	84	12	AH0002	311.088	311.288	자꾸	[]
52	84	13	AH0002	311.309	311.57	하나씩	[]
52	84	14	AH0002	311.63	311.911	꺼내	[]
52	84	15	AH0002	312.011	312.252	먹게	[]
52	84	16	AH0002	312.333	312.634	돼요.	[]
53	85	1	AH0001	312.634	313.298	우리집이랑	[]
53	85	2	AH0001	313.359	313.903	똑같으시군요.	[]
53	86	1	AH0001	315.614	316.036	근데	[]
53	86	2	AH0001	316.117	316.479	아이스크림	[]
53	86	3	AH0001	316.579	317.524	유통기한이	[]
53	86	4	AH0001	317.564	317.786	있긴	[]
53	86	5	AH0001	317.826	318.429	있죠?	[]
54	87	1	AH0002	318.578	318.999	아	[]
54	87	2	AH0002	319.379	320.04	공식적으로	[]
54	87	3	AH0002	320.14	320.761	아이스크림에는	[]
54	87	4	AH0002	320.841	321.482	유통기한이	[]
54	87	5	AH0002	321.542	322.223	없습니다.	[]
55	88	1	AH0001	322.224	322.45	안	[]
55	88	2	AH0001	322.572	323.044	써져	[]
55	88	3	AH0001	323.085	323.167	있나요?	[]
56	89	1	AH0002	323.166	324.229	네.유통기한을	[]
56	89	2	AH0002	324.39	324.691	표기할	[35]
56	89	3	AH0002	324.791	325.052	의무가	[]
56	89	4	AH0002	325.172	325.593	없는	[]
56	89	5	AH0002	325.774	326.035	제품	[]
56	89	6	AH0002	326.175	326.316	중에	[]
56	89	7	AH0002	326.376	327.118	하나입니다.	[]
56	90	1	AH0002	327.233	327.414	그래서	[36]
56	90	2	AH0002	327.474	327.534	이	[]
56	90	3	AH0002	327.614	327.875	부분	[]
56	90	4	AH0002	327.955	328.236	때문에	[]
56	90	5	AH0002	328.277	328.477	인제	[]
56	90	6	AH0002	328.497	328.517	에	[]
56	90	7	AH0002	328.939	329.18	상당히	[]
56	90	8	AH0002	329.24	329.481	많은	[]
56	90	9	AH0002	330.043	330.384	분들이	[]
56	90	10	AH0002	330.404	330.645	인제.	[]
56	90	11	AH0002	331.026	331.146	아	[]
56	90	12	AH0002	331.267	331.548	오래된	[]
56	90	13	AH0002	331.588	331.648	거	[]
56	90	14	AH0002	331.688	331.949	아니냐	[]
56	90	15	AH0002	331.989	332.25	이렇게	[]
56	90	16	AH0002	332.27	332.471	얘기를	[]
56	90	17	AH0002	332.531	332.571	할	[]
56	90	18	AH0002	332.692	332.812	수가	[]
56	90	19	AH0002	332.852	333.354	있는데요.	[]
56	91	1	AH0002	333.354	334.276	어	[37]
56	91	2	AH0002	334.336	334.617	아이스크림	[]
56	91	3	AH0002	334.757	335.378	할인점에서	[]
56	91	4	AH0002	335.479	335.9	판매하는.	[]
56	91	5	AH0002	335.94	336.1	인제	[]
56	91	6	AH0002	336.16	336.621	제품이	[]
56	91	7	AH0002	336.762	337.182	생산된	[]
56	91	8	AH0002	337.423	337.563	지	[]
56	91	9	AH0002	337.623	337.724	이	[]
56	91	10	AH0002	337.864	338.125	오래	[]
56	91	11	AH0002	338.145	338.385	됐거나	[]
56	91	12	AH0002	338.465	338.746	문제가	[]
56	91	13	AH0002	338.806	338.906	있는	[]
56	91	14	AH0002	338.987	339.207	제품	[]
56	91	15	AH0002	339.247	339.508	아니냐.	[]
56	91	16	AH0002	339.548	339.889	이렇게	[]
56	91	17	AH0002	340.069	340.59	실질적으로	[]
56	91	18	AH0002	340.65	340.851	문제	[]
56	91	19	AH0002	340.911	341.131	제기로	[]
56	91	20	AH0002	341.191	341.733	인터넷에	[]
56	91	21	AH0002	341.813	342.394	게시판에	[38]
56	91	22	AH0002	342.414	342.554	올리는	[]
56	91	23	AH0002	342.574	343.015	분들두	[]
56	91	24	AH0002	343.015	343.156	꽤	[]
56	91	25	AH0002	343.156	343.717	계시는데요.	[]
56	92	1	AH0002	343.717	343.918	어	[39]
56	92	2	AH0002	344.259	344.68	말씀하신	[]
56	92	3	AH0002	344.72	345.041	것처럼	[]
56	92	4	AH0002	345.122	345.844	아이스크림이라는	[]
56	92	5	AH0002	345.985	346.887	유통기한이	[]
56	92	6	AH0002	347.008	347.309	표기돼	[]
56	92	7	AH0002	347.329	347.63	있지	[]
56	92	8	AH0002	347.73	348.252	않구요.	[]
56	93	1	AH0002	348.264	348.845	온	[40]
56	93	2	AH0002	349.146	349.186	저	[]
56	93	3	AH0002	349.286	349.467	오직	[]
56	93	4	AH0002	349.547	349.627	그	[]
56	93	5	AH0002	349.727	350.509	제조일자만	[]
56	93	6	AH0002	350.609	350.99	표기하기	[]
56	93	7	AH0002	351.11	351.491	때문에.	[]
56	93	8	AH0002	351.511	351.531	에	[]
56	93	9	AH0002	352.072	352.193	더욱	[]
56	93	10	AH0002	352.333	352.513	그런	[]
56	93	11	AH0002	352.533	352.854	의심을	[]
56	93	12	AH0002	352.974	353.155	받을	[]
56	93	13	AH0002	353.255	353.295	수	[]
56	93	14	AH0002	353.315	353.375	있는	[]
56	93	15	AH0002	353.476	353.616	그런	[]
56	93	16	AH0002	353.676	354.197	상황이기두	[]
56	93	17	AH0002	354.217	354.558	합니다.	[]
56	94	1	AH0002	354.558	355.34	그런데	[41]
56	94	2	AH0002	355.44	356.042	아이스크림의	[]
56	94	3	AH0002	356.102	356.342	경우는	[]
56	94	4	AH0002	356.362	356.523	인제	[]
56	94	5	AH0002	356.703	357.004	보관	[]
56	94	6	AH0002	357.144	357.826	온도만	[]
56	94	7	AH0002	358.026	358.487	철저하게	[]
56	94	8	AH0002	358.567	358.688	잘	[]
56	94	9	AH0002	358.808	359.309	지키면	[]
56	94	10	AH0002	359.871	360.572	유통기한은	[]
56	94	11	AH0002	360.692	361.234	기술적으로	[]
56	95	1	AH0002	361.409	361.65	또	[]
56	95	2	AH0002	361.67	361.87	어	[]
56	95	3	AH0002	361.99	362.271	어떤	[]
56	95	4	AH0002	362.391	362.532	여러	[]
56	95	5	AH0002	362.572	362.732	가지	[]
56	95	6	AH0002	362.792	363.013	어떤	[]
56	95	7	AH0002	363.133	363.254	그	[]
56	95	8	AH0002	363.334	363.414	이	[]
56	95	9	AH0002	363.554	364.216	과학적으로도	[]
56	95	10	AH0002	364.657	365.499	필요없다라는	[]
56	95	11	AH0002	365.579	365.68	것이	[]
56	95	12	AH0002	365.78	366.04	인제	[]
56	95	13	AH0002	366.181	366.441	식품	[]
56	95	14	AH0002	366.542	367.123	당국의	[]
56	95	15	AH0002	367.243	367.885	설명인데요.	[]
56	96	1	AH0002	367.887	368.649	그러니까	[42]
56	96	2	AH0002	368.709	368.969	영하	[]
56	96	3	AH0002	369.05	369.43	십팔	[]
56	96	4	AH0002	369.631	369.711	도	[]
56	96	5	AH0002	369.851	370.413	이하에서	[]
56	96	6	AH0002	370.573	371.034	보관만	[]
56	96	7	AH0002	371.154	371.796	잘했다면.	[43]
56	96	8	AH0002	372.297	372.778	아이스크림의	[]
56	96	9	AH0002	372.858	373.399	유통기한은	[]
56	96	10	AH0002	373.6	373.8	따로	[]
56	96	11	AH0002	373.82	374.141	정할	[]
56	96	12	AH0002	374.281	374.502	필요가	[]
56	96	13	AH0002	374.642	374.863	전혀	[]
56	96	14	AH0002	374.963	375.304	없다.	[]
56	96	15	AH0002	375.624	375.965	이게	[]
56	96	16	AH0002	376.146	376.286	지금	[]
56	96	17	AH0002	376.346	377.088	현재까지의	[]
56	96	18	AH0002	377.188	378.471	내용입니다.네.	[]
57	97	1	AH0001	376.806	376.826	아	[]
57	98	1	AH0001	378.611	379.093	아	[]
57	98	2	AH0001	379.153	379.173	까	[]
57	98	3	AH0001	379.294	380.077	법적인	[]
57	98	4	AH0001	380.478	380.9	법적으로	[]
57	98	5	AH0001	380.981	381.181	정해진	[]
57	98	6	AH0001	381.221	381.784	유통기한은	[]
57	98	7	AH0001	381.844	382.346	없다.	[]
58	99	1	AH0002	382.347	383.85	네.그렇게	[]
58	99	2	AH0002	384.151	385.454	되는	[]
58	99	3	AH0002	385.474	385.534	거죠.예.	[]
59	100	1	AH0001	385.648	385.828	그	[]
59	100	2	AH0001	385.968	386.189	저희가	[]
59	100	3	AH0001	386.269	386.389	티비	[]
59	100	4	AH0001	386.529	386.83	프로그램	[]
59	100	5	AH0001	386.91	386.97	뭐	[]
59	100	6	AH0001	387.05	387.351	소비자	[]
59	100	7	AH0001	387.431	387.451	뭐	[]
59	100	8	AH0001	387.491	387.631	이런	[]
59	100	9	AH0001	387.731	387.991	프로그램	[]
59	100	10	AH0001	388.112	388.713	보면.	[44]
59	100	11	AH0001	389.273	389.373	그	[]
59	100	12	AH0001	389.434	389.994	냉동실에	[]
59	100	13	AH0001	390.095	390.215	뭐	[]
59	100	14	AH0001	390.315	391.096	고기도.	[45]
59	100	15	AH0001	391.417	391.537	뭐	[]
59	100	16	AH0001	391.717	391.977	한두	[]
59	100	17	AH0001	392.037	392.218	달	[]
59	100	18	AH0001	392.378	392.678	이상	[]
59	100	19	AH0001	392.779	392.859	넣어	[]
59	100	20	AH0001	392.959	393.199	놓는	[]
59	100	21	AH0001	393.259	393.319	거	[]
59	100	22	AH0001	393.359	394.04	아니다라구	[46]
59	100	23	AH0001	394.12	394.641	그러는데.	[]
59	100	24	AH0001	395.022	395.382	아이스크림은	[]
59	100	25	AH0001	395.442	396.003	유통기한이	[]
59	100	26	AH0001	396.083	396.364	정말	[]
59	100	27	AH0001	396.404	396.744	없어도	[]
59	100	28	AH0001	396.804	397.125	되는	[]
59	100	29	AH0001	397.946	398.527	건가요?	[]
60	101	1	AH0002	398.562	399.165	예.그러니까	[]
60	101	2	AH0002	399.205	399.406	제가	[]
60	101	3	AH0002	399.426	399.526	오늘	[]
60	101	4	AH0002	399.607	400.089	가져왔지만	[]
60	101	5	AH0002	400.189	400.41	이	[]
60	101	6	AH0002	400.491	400.711	얘기	[]
60	101	7	AH0002	400.752	401.174	할려구	[]
60	101	8	AH0002	401.535	402.138	가져오진	[]
60	101	9	AH0002	402.158	402.64	않았겠죠.	[]
61	102	1	AH0001	402.64	403.086	이거	[]
61	102	2	AH0001	403.228	403.411	진짜	[]
61	102	3	AH0001	403.492	404.08	궁금합니다.	[]
62	103	1	AH0002	404.079	404.419	네.	[]
62	103	2	AH0002	404.98	405.02	에	[]
62	103	3	AH0002	405.14	405.48	정해진	[]
62	103	4	AH0002	405.54	406.241	유통기한은	[]
62	103	5	AH0002	406.301	406.702	없지만	[]
62	103	6	AH0002	406.742	406.882	이제	[]
62	103	7	AH0002	407.022	407.302	빙과	[]
62	103	8	AH0002	407.322	407.643	업계는	[]
62	103	9	AH0002	407.743	408.223	일반적으로	[]
62	103	10	AH0002	408.323	409.024	제조일부터	[]
62	103	11	AH0002	409.164	409.264	일	[]
62	103	12	AH0002	409.364	410.165	년까지를	[47]
62	103	13	AH0002	410.185	410.345	인제	[]
62	103	14	AH0002	410.446	411.266	자체적으로	[48]
62	103	15	AH0002	411.647	412.167	아이스크림의	[]
62	103	16	AH0002	412.247	413.048	유통기한으로	[]
62	103	17	AH0002	413.068	413.208	인제	[]
62	103	18	AH0002	413.348	413.709	권장을	[]
62	103	19	AH0002	413.769	413.929	하고	[]
62	103	20	AH0002	413.949	414.37	있습니다.	[49]
62	103	21	AH0002	414.39	414.45	그래서	[]
62	103	22	AH0002	414.95	415.01	일	[]
62	103	23	AH0002	415.09	415.21	년	[]
62	103	24	AH0002	415.27	415.531	이내에	[]
62	103	25	AH0002	415.551	415.691	인제	[]
62	103	26	AH0002	415.751	416.352	유통을	[]
62	103	27	AH0002	416.432	416.632	하자	[]
62	103	28	AH0002	416.652	416.792	인제	[]
62	103	29	AH0002	416.852	417.072	이렇게	[]
62	103	30	AH0002	417.152	417.293	되어	[]
62	103	31	AH0002	417.313	417.773	있는데요.	[]
62	104	1	AH0002	417.773	418.476	하지만	[50]
62	104	2	AH0002	418.576	419.4	제조일로부터	[]
62	104	3	AH0002	419.541	419.641	일	[]
62	104	4	AH0002	419.782	420.183	년이	[]
62	104	5	AH0002	420.304	420.444	안	[]
62	104	6	AH0002	420.565	420.685	된	[]
62	104	7	AH0002	420.826	421.81	아이스크림이라도.	[]
62	105	1	AH0002	422.433	422.614	어	[]
62	105	2	AH0002	422.754	423.015	유통	[]
62	105	3	AH0002	423.075	423.416	과정에서	[]
62	105	4	AH0002	423.476	423.837	온도가	[]
62	105	5	AH0002	424.038	424.559	유지되지	[]
62	105	6	AH0002	424.66	425.101	못해서	[]
62	105	7	AH0002	425.642	426.665	녹았다는	[]
62	105	8	AH0002	426.685	426.906	인제	[]
62	105	9	AH0002	426.986	427.147	그런	[]
62	105	10	AH0002	427.207	427.548	경우가	[]
62	105	11	AH0002	427.568	427.809	상당히	[]
62	105	12	AH0002	427.849	427.989	많이	[]
62	105	13	AH0002	428.009	428.25	있습니다.	[]
62	106	1	AH0002	428.25	428.411	이럴	[]
62	106	2	AH0002	428.491	428.652	때는	[]
62	106	3	AH0002	428.692	428.953	인제	[]
62	106	4	AH0002	429.354	429.515	에	[]
62	106	5	AH0002	429.656	429.917	보통	[]
62	106	6	AH0002	429.957	430.017	그	[]
62	106	7	AH0002	430.057	430.459	아이스크림이	[]
62	106	8	AH0002	430.579	430.961	우유가	[]
62	106	9	AH0002	431.061	432.226	주성분입니다.	[]
63	107	1	AH0001	428.31	428.331	예.	[]
64	108	1	AH0002	432.261	432.401	그러다	[]
64	108	2	AH0002	432.481	432.682	보니까	[]
64	108	3	AH0002	432.782	433.744	세균이	[]
64	108	4	AH0002	433.764	433.824	인제	[]
64	108	5	AH0002	433.964	434.425	번식해서	[]
64	108	6	AH0002	434.505	434.986	식중독을	[]
64	108	7	AH0002	435.026	435.327	일으킬	[]
64	108	8	AH0002	435.407	435.467	수	[]
64	108	9	AH0002	435.487	435.708	있는	[]
64	108	10	AH0002	436.048	436.208	이런	[]
64	108	11	AH0002	436.269	437.01	상황인데요.	[]
64	109	1	AH0002	437.26	437.32	어	[]
64	109	2	AH0002	437.42	437.6	많은	[]
64	109	3	AH0002	437.701	437.981	분들이	[]
64	109	4	AH0002	438.041	438.922	냉동고에	[]
64	109	5	AH0002	439.043	439.623	냉장고나	[]
64	109	6	AH0002	439.704	440.044	냉동	[]
64	109	7	AH0002	440.304	440.765	냉동고에	[]
64	109	8	AH0002	440.845	441.126	넣으면	[]
64	109	9	AH0002	441.146	441.326	이제	[]
64	109	10	AH0002	441.386	441.727	세균을	[]
64	109	11	AH0002	442.147	442.307	어	[]
64	109	12	AH0002	442.528	443.329	멸균시킨다라고	[]
64	109	13	AH0002	443.369	443.649	생각을	[]
64	109	14	AH0002	443.669	443.729	할	[]
64	109	15	AH0002	443.83	444.19	텐데	[]
64	109	16	AH0002	444.591	444.731	에	[]
64	109	17	AH0002	444.891	445.192	그렇지가	[]
64	109	18	AH0002	445.252	445.632	않습니다.	[52]
64	110	1	AH0002	446.153	446.673	끓여서	[]
64	110	2	AH0002	446.773	447.153	멸균이	[]
64	110	3	AH0002	447.213	447.434	되는	[]
64	110	4	AH0002	447.474	448.374	것이지.	[53]
64	110	5	AH0002	448.514	448.974	냉동고에	[]
64	110	6	AH0002	449.074	449.634	보관한다고	[]
64	110	7	AH0002	449.714	450.195	얼리는	[]
64	110	8	AH0002	450.255	450.535	것은	[]
64	110	9	AH0002	450.575	450.875	일단	[]
64	110	10	AH0002	451.035	451.455	번식을	[]
64	110	11	AH0002	451.595	452.196	중지시키는	[]
64	110	12	AH0002	452.236	452.636	것이지	[54]
64	110	13	AH0002	453.036	453.396	없애는	[]
64	110	14	AH0002	453.436	453.496	건	[]
64	110	15	AH0002	453.556	454.016	아니거든요.	[55]
64	110	16	AH0002	454.136	454.456	그러다	[]
64	110	17	AH0002	454.516	454.837	보니까	[]
64	110	18	AH0002	455.157	455.677	녹았다가	[]
64	110	19	AH0002	455.757	455.977	다시	[]
64	110	20	AH0002	456.057	456.417	얼린다	[]
64	110	21	AH0002	456.477	456.837	하더라두	[]
64	110	22	AH0002	456.917	457.258	세균의	[]
64	110	23	AH0002	457.338	457.598	감염	[]
64	110	24	AH0002	457.658	457.918	문제.	[]
64	110	25	AH0002	458.238	458.558	문제가	[]
64	110	26	AH0002	458.638	458.938	노출은	[]
64	110	27	AH0002	459.038	459.178	되어	[]
64	110	28	AH0002	459.198	459.339	있는	[]
64	110	29	AH0002	459.399	459.459	게	[]
64	110	30	AH0002	459.519	459.739	맞는	[]
64	110	31	AH0002	459.799	460.499	거죠.	[]
64	111	1	AH0002	460.648	460.788	그래서	[]
64	111	2	AH0002	460.828	461.368	이천십사	[]
64	111	3	AH0002	461.408	461.909	년부터	[]
64	111	4	AH0002	462.009	462.169	올해	[]
64	111	5	AH0002	462.269	462.349	오	[]
64	111	6	AH0002	462.389	462.789	월까지	[]
64	111	7	AH0002	462.849	462.989	한국	[]
64	111	8	AH0002	463.109	463.749	소비자원에	[]
64	111	9	AH0002	463.769	463.909	인제	[]
64	111	10	AH0002	463.989	464.41	접수된	[]
64	111	11	AH0002	464.57	465.03	아이스크림	[]
64	111	12	AH0002	465.11	465.45	제품과	[]
64	111	13	AH0002	465.57	466.31	관련해서.	[56]
64	111	14	AH0002	466.931	467.431	복통을	[]
64	111	15	AH0002	467.531	467.951	호소하는	[]
64	111	16	AH0002	468.031	468.231	등의	[]
64	111	17	AH0002	468.411	468.651	위해	[]
64	111	18	AH0002	468.751	469.092	사례가	[]
64	111	19	AH0002	469.232	469.352	총	[]
64	111	20	AH0002	469.812	470.412	삼백일흔두	[]
64	111	21	AH0002	470.772	471.172	건이나	[]
64	111	22	AH0002	471.312	471.653	집계가	[]
64	111	23	AH0002	471.733	471.953	됐기	[]
64	111	24	AH0002	472.073	472.313	때문에.	[]
64	112	1	AH0002	472.553	472.753	이	[57]
64	112	2	AH0002	472.813	473.134	내용으로	[]
64	112	3	AH0002	473.214	473.494	봐도	[]
64	112	4	AH0002	473.874	474.935	아이스크림에	[]
64	112	5	AH0002	475.055	475.576	아이스크림을	[]
64	112	6	AH0002	475.656	475.956	먹고.	[]
64	112	7	AH0002	476.316	476.657	배탈이	[]
64	112	8	AH0002	476.697	476.877	나는	[]
64	112	9	AH0002	476.937	477.357	경우도	[]
64	112	10	AH0002	477.357	477.417	꽤	[]
64	112	11	AH0002	477.417	477.938	있더라	[]
64	112	12	AH0002	478.038	478.178	인제	[]
64	112	13	AH0002	478.218	478.478	이렇게	[58]
64	112	14	AH0002	478.578	478.638	지금	[]
64	112	15	AH0002	478.879	479.119	나오고	[]
64	112	16	AH0002	479.159	479.339	있는	[]
64	112	17	AH0002	479.399	480.32	거죠.	[]
64	113	1	AH0002	480.485	480.827	그러니까	[]
64	113	2	AH0002	480.847	480.988	이제	[]
64	113	3	AH0002	481.069	481.23	잘	[]
64	113	4	AH0002	481.431	482.034	골라야	[]
64	113	5	AH0002	482.115	482.316	되는	[]
64	113	6	AH0002	482.417	482.698	부분도	[]
64	113	7	AH0002	482.799	482.98	분명히	[]
64	113	8	AH0002	483.061	483.302	존재를	[]
64	113	9	AH0002	483.322	483.765	합니다.	[]
64	114	1	AH0002	483.765	484.025	그럼	[59]
64	114	2	AH0002	484.186	484.306	어.	[]
64	114	3	AH0002	484.426	484.586	그러면	[]
64	114	4	AH0002	484.646	484.967	어떻게	[]
64	114	5	AH0002	484.987	485.067	해야	[]
64	114	6	AH0002	485.127	485.527	되느냐.	[]
64	114	7	AH0002	485.968	486.308	일단	[]
64	114	8	AH0002	486.389	486.689	어	[]
64	114	9	AH0002	486.869	487.29	아이스크림을	[]
64	114	10	AH0002	487.67	487.85	이렇게	[]
64	114	11	AH0002	488.011	488.211	들어	[]
64	114	12	AH0002	488.311	488.591	보면.	[]
64	114	13	AH0002	488.892	489.292	모양이	[]
64	114	14	AH0002	489.473	489.933	변형된	[]
64	114	15	AH0002	489.973	490.013	게	[]
64	114	16	AH0002	490.033	490.454	있습니다.	[]
64	115	1	AH0002	490.455	490.616	찌그러져	[]
64	115	2	AH0002	490.636	491.22	있다거나	[]
64	115	3	AH0002	491.3	491.662	뭐	[]
64	115	4	AH0002	491.904	491.984	막	[]
64	115	5	AH0002	492.186	492.286	이런	[]
65	116	1	AH0001	492.427	492.754	눌린	[]
65	116	2	AH0001	492.856	493.02	거	[]
65	116	3	AH0001	493.081	493.183	같은	[]
65	116	4	AH0001	493.265	493.285	거	[]
66	117	1	AH0002	493.367	493.729	이거는	[]
66	117	2	AH0002	494.01	494.09	백	[]
66	117	3	AH0002	494.151	494.573	퍼센트	[]
66	117	4	AH0002	494.713	495.176	녹았다가	[]
66	117	5	AH0002	495.236	495.477	다시	[]
66	117	6	AH0002	495.557	495.718	어른	[]
66	117	7	AH0002	495.799	496.08	겁니다.	[]
67	118	1	AH0001	496.08	496.854	맞습니다.	[]
68	119	1	AH0002	496.854	497.175	그리구	[]
68	119	2	AH0002	497.735	497.996	굉장히	[]
68	119	3	AH0002	498.136	498.597	딱딱한	[]
68	119	4	AH0002	498.677	498.777	거.	[60]
68	119	5	AH0002	499.579	499.679	예	[]
68	119	6	AH0002	499.839	500.24	이거는	[]
68	119	7	AH0002	500.5	500.66	어	[]
68	119	8	AH0002	500.781	501.121	이것도	[]
68	119	9	AH0002	501.141	501.201	한	[]
68	119	10	AH0002	501.281	501.362	번	[]
68	119	11	AH0002	501.462	501.842	녹았다가	[]
68	119	12	AH0002	501.902	502.083	다시	[]
68	119	13	AH0002	502.163	502.483	얼면	[]
68	119	14	AH0002	502.584	502.784	굉장히	[]
68	119	15	AH0002	502.844	503.305	딱딱해지.	[]
68	119	16	AH0002	503.365	503.685	그리구	[]
68	119	17	AH0002	504.046	504.186	어	[]
68	119	18	AH0002	504.327	504.727	표면에	[]
68	119	19	AH0002	504.807	505.048	성에가	[]
68	119	20	AH0002	505.248	505.388	낀	[]
68	119	21	AH0002	505.468	505.569	거	[]
68	119	22	AH0002	505.949	506.27	이것도	[]
68	119	23	AH0002	506.31	506.971	마찬가지입니다.	[]
68	120	1	AH0002	506.973	507.434	그러니까	[61]
68	120	2	AH0002	507.874	508.395	변형된	[]
68	120	3	AH0002	508.495	508.635	거	[]
68	120	4	AH0002	509.136	509.657	딱딱한	[]
68	120	5	AH0002	509.757	509.937	거	[62]
68	120	6	AH0002	510.117	510.438	표면에	[]
68	120	7	AH0002	510.518	510.918	성에가	[]
68	120	8	AH0002	510.938	511.038	낀	[]
68	120	9	AH0002	511.119	511.199	거.	[]
68	120	10	AH0002	511.559	511.699	이런	[]
68	120	11	AH0002	511.82	511.92	거	[]
68	120	12	AH0002	511.98	512.22	같은	[]
68	120	13	AH0002	512.26	512.44	경우는	[]
68	120	14	AH0002	512.46	512.5	인제	[]
68	120	15	AH0002	512.681	513.241	보관상에	[]
68	120	16	AH0002	513.322	513.682	온도가	[]
68	120	17	AH0002	513.782	514.123	일정하게	[]
68	120	18	AH0002	514.243	514.483	유지가	[]
68	120	19	AH0002	514.543	514.643	안	[]
68	120	20	AH0002	514.703	514.904	됐기	[]
68	120	21	AH0002	514.984	515.725	때문에.	[63]
68	120	22	AH0002	515.805	516.005	이런	[]
68	120	23	AH0002	516.105	516.546	제품은	[]
68	120	24	AH0002	516.906	517.247	피하시는	[]
68	120	25	AH0002	517.347	517.527	게	[]
68	120	26	AH0002	517.547	518.148	맞습니다.	[]
69	121	1	AH0001	518.148	518.552	아	[]
69	121	2	AH0001	518.714	519.562	알겠습니다.	[64]
69	122	1	AH0001	519.562	520.423	그니까	[]
69	122	2	AH0001	521.164	521.745	고기두	[]
69	122	3	AH0001	521.765	521.785	녹	[65]
69	122	4	AH0001	522.325	522.766	녹혀던	[]
69	122	5	AH0001	522.786	522.846	거	[]
69	122	6	AH0001	522.926	523.126	다시	[]
69	122	7	AH0001	523.186	523.427	얼리지	[]
69	122	8	AH0001	523.467	524.468	않잖아요.	[66]
69	123	1	AH0001	524.468	524.668	그러니까	[]
69	123	2	AH0001	524.788	524.949	그건	[]
69	123	3	AH0001	525.089	525.329	같은	[]
69	123	4	AH0001	525.409	525.83	맥락에서	[]
69	123	5	AH0001	525.91	526.21	봤을	[67]
69	123	6	AH0001	526.29	526.771	때에.	[]
69	123	7	AH0001	526.791	526.811	뭐	[]
69	123	8	AH0001	527.452	528.213	단백질류는	[]
69	123	9	AH0001	528.313	528.994	아닙니다만	[]
69	123	10	AH0001	529.074	530.216	유제품입니다만.	[68]
69	123	11	AH0001	530.236	530.276	그런	[]
69	123	12	AH0001	531.197	531.277	건	[]
69	123	13	AH0001	531.337	531.597	좋지	[]
69	123	14	AH0001	531.618	531.838	않다.	[69]
69	124	1	AH0001	532.74	532.941	자	[]
69	124	2	AH0001	533.062	533.323	아하	[]
69	124	3	AH0001	533.404	533.846	그렇군요	[]
69	124	4	AH0001	533.907	534.229	함께하구	[]
69	124	5	AH0001	534.289	535.154	계신데요.	[]
69	125	1	AH0001	535.273	535.533	저희	[]
69	125	2	AH0001	535.613	536.014	동네에	[]
69	125	3	AH0001	536.134	536.434	음음	[]
69	125	4	AH0001	536.534	536.995	마트는	[]
69	125	5	AH0001	537.155	537.335	주말	[]
69	125	6	AH0001	537.395	537.716	행사에	[]
69	125	7	AH0001	537.836	538.096	이만	[]
69	125	8	AH0001	538.156	538.216	원	[]
69	125	9	AH0001	538.256	538.456	이상	[]
69	125	10	AH0001	538.516	538.677	사면	[]
69	125	11	AH0001	538.757	539.017	막대	[]
69	125	12	AH0001	539.037	539.477	아이스크림을	[]
69	125	13	AH0001	539.557	539.698	열	[]
69	125	14	AH0001	539.798	539.898	개	[]
69	125	15	AH0001	539.978	540.118	천	[]
69	125	16	AH0001	540.158	540.338	원에	[]
69	125	17	AH0001	540.478	541.059	팔아요.	[]
70	126	1	AH0002	541.06	541.262	여기는	[]
70	126	2	AH0002	541.363	541.464	더	[]
70	126	3	AH0002	541.746	541.847	더	[]
70	126	4	AH0002	541.928	542.089	저렴	[]
71	127	1	AH0001	542.19	542.392	열	[]
71	127	2	AH0001	542.513	542.634	개에	[]
71	127	3	AH0001	542.715	542.795	천	[]
71	127	4	AH0001	542.836	542.977	원이면	[]
71	127	5	AH0001	542.997	543.017	한	[]
71	127	6	AH0001	543.179	543.38	개에	[]
71	127	7	AH0001	543.401	543.421	백	[]
71	127	8	AH0001	543.461	543.845	원이에요?	[]
72	128	1	AH0002	544.127	544.879	그러니깐요.	[]
